id,size,coRE,suspension,thrust,weight,crew
97a451ef-7dfb-4f94-b00c-b0acae95226a,613,97.90015480744589,85.37354532306564,51.405879346309504,71.19072352901807,6
f8aae446-c5ab-417f-a41b-347b7b5b230d,408,88.95619358638889,86.08962663913427,85.42277209419353,96.94356749008357,3
9adee5af-6cfe-4807-b413-f560d10470da,551,7.131449705443416,70.92017063989172,59.59277939892292,11.698955687531932,8
706da61b-01b6-4cb9-90f9-7725553d4d16,84,18.89729895388378,15.354399210455584,69.23542208354172,97.44479759821868,5
e1452b1a-79b6-4aac-a17e-c3a7fe6235f7,95,74.35432028949725,39.01160882048782,30.83319263433273,69.90085957832206,1
5eece068-80e8-4d31-a040-313a0da8ed12,832,7.222516306401916,6.087069007265256,44.7938192356138,91.93997705043438,3
4e34efb3-7cfd-42fb-a69e-be03a8947434,qfvn,15.518382371900683,47.16124702003693,46.34432651853368,82.81343157810136,6
560488b0-3370-46d2-aed5-5a024591da7d,401,81.11219752094624,97.32742689632224,86.97737965080383,61.20602405557265,2
207e7ccd-ab8c-40ca-a712-2cd6ff606641,186,73.60616247564249,82.05973249840449,78.86411164860138,6.039476608378647,7
ede3d203-47ac-4486-9f51-94fd912c493b,5,50.12314907514494,13.330883211352074,24.62832378507317,40.3538152602804,7
f4fe4a64-62fa-4996-a203-843b9f3ac76f,49,12.55928700805703,15.612972232827293,9.744701106784948,78.85599840201807,4
4da6436b-edc2-406a-b74f-92474e4377f0,368,14.785780034614938,18.81887583233745,82.9314349598069,94.13937500916585,0
dd30f9cb-16ef-42f3-99f7-2cefdeb2da5b,637,90.52064164869488,45.16715739126609,35.47793673246867,88.59052339850933,4
0fc8e96e-345b-4581-a991-4c4e3eaa670e,98,78.92523259662885,75.88463779135162,77.85921982370023,16.05576089210292,7
1cf1b267-ad1b-4d65-b133-17da4b5e68f1,74,78.54004596350993,72.1922273543933,35.72525516562297,18.030211043688396,5
022ff6f2-7af9-435e-b56f-d97cecf61410,980,22.288055764811546,18.409771203702466,47.85633831739448,87.39769984480604,10
b5047634-ff7e-4275-8880-e3e7db4a6c28,292,15.965771332330746,3.1271733472737817,58.154978221542905,72.15722370696987,3
1ae39e68-d280-4d8f-8bad-67add3845143,doCf,15.298509142062676,11.43396400862422,29.65359619714347,29.891554403868717,8
cf228ea3-d70c-4d88-abb6-f73b1707223e,903,97.57293672638788,35.16491846855495,40.33494357133885,82.9238164497427,5
31b6d47b-f553-44f3-b085-b86e1902cfce,145,56.28752198620626,53.19522779025818,20.86946960846736,60.48628677948887,5
be1267e7-ac44-4596-bf08-37f020a42e96,379,18.302906582758048,98.6903332298068,78.99404509971576,84.28598617088147,3
54b07951-a50d-4b37-a5c0-48ab570eb054,Wekr,88.89067310349179,86.73371066046226,57.61575573182663,73.28463793448748,2
92f7c38d-2046-4fe0-98cb-dc735154a289,alkb,18.823567332836745,26.577866967968145,99.76341049317703,97.0133998749006,7
9b9bfe8b-f67f-4aba-a753-e069b28a84cd,883,82.92495331276032,42.353898846484704,86.95972902182994,42.05790503828885,2
10da158a-6244-4a83-8361-b25508c6fdc0,494,32.014672391469205,3.770390772905796,42.41837419562706,4.725852021011234,5
78f409f9-a6cd-4576-8b16-c4a2f9010a27,72,48.53930117203043,3.527544374068769,65.2341802008445,78.56019946413493,8
0d85349e-9f41-4f9a-bef0-483281ac62e5,710,90.06863458767862,60.903341458292594,51.02105897771959,11.305431548580811,0
cdb1a07e-4a30-4eaf-b56f-362b0a08d5f2,904,58.2175181994194,49.08653498614616,6.473320750659262,35.86116861042433,8
de3b4d0a-d12c-455f-a8a9-3050cf2852dd,qtuc,6.487005275245561,66.3853441803915,9.591560454755944,74.83196868886137,0
d339b4ef-a1c3-42cb-abd8-47d924755731,868,66.42700099264046,4.96882229656177,93.46806137091694,8.784190389738711,6
79aa9131-1a76-46fb-a9b0-4b9d7cfa00bb,729,19.09496022166012,74.02309929104231,77.65594837314497,33.57244547818144,9
ec2778db-2279-44c4-9def-a46d3abfdf39,178,36.820511521347896,3.528932977430932,53.78838601914477,52.52338737779254,0
beb8474f-fb0b-4fd2-82e8-b9231adc76e4,866,53.22382852938672,67.99818435966574,27.29883886567679,18.54500393380577,6
1d10b119-ac45-4f0b-bcb0-db7e56730e19,355,71.61933513985466,19.34148835279672,15.626712317688806,20.43325023001937,10
4e2f17ae-879f-4ff8-89b6-a0dffc10f71e,1000,72.56256634743006,28.937413762801047,89.78579676710784,73.06919529772428,6
7b7bfe47-fd29-473e-82a1-61cdd736e980,810,72.18215797123334,49.127748375239534,35.43590963348038,15.714580647748187,7
3d1d4d45-759f-47cc-b5a8-b4afccc5d3ae,795,80.45192544598537,89.64356152663245,83.89598852329267,0.5798825899426263,3
7a35547a-9dea-4c71-abc0-a96c843b5114,394,2.596823962130923,91.58787330941703,79.55264395890056,83.73718059430342,9
e9ebb92b-4459-47cd-a997-e5f68d7c4a15,953,64.95208737640291,97.96642503804496,19.497797728540213,7.774924489084645,3
c00dc4f0-48db-4358-b795-9c14eecc3532,839,31.59695260162084,68.18706008913301,47.046486610477466,41.20821317319877,7
b4474b8e-4d2a-4599-8e46-cc05b0c994b6,409,97.95524068747469,86.75644753255376,24.686492827254124,20.76589562493798,0
0ec52f75-9bd3-41dc-93a5-6a29703d5b83,avCb,16.400146165848493,35.56242965639069,55.66884547132355,90.7781782666488,2
8bf32b9a-c334-489d-a4ea-1ee451884ea5,849,21.57910939273437,67.0359653940604,88.80544608839998,64.33268398885245,3
80201816-e90c-47a5-b7e6-5d74709df7af,76,73.81818919498684,97.87731509503256,78.05169840647878,51.64631105908638,9
7dd8ea38-dc0d-4fff-a7b1-0c9bbf73e34f,229,45.203494692801215,2.520491983272421,19.21026407078834,84.96663100851127,0
e83e986d-59d1-4101-83ec-efda58b2ee8e,pUno,2.566639697954132,50.60442496405243,48.402715467884136,76.24208839423235,1
d2729255-eb1a-4dcd-9670-69f51fb726ec,igLo,96.133577904054,53.47930288378828,0.7977191465217137,85.02366303072183,2
4b367da9-ad71-42a0-a78d-7c51c95869c9,916,49.21114384808034,39.32391002761391,14.32770207055858,81.16573986701935,1
0f57c8a2-83bf-479a-a415-f8e25ce9e06b,828,36.1203801418357,78.44383261764095,6.346701421078416,36.35769991705041,5
7c941bfc-a2dd-4c83-bbac-d3f534895409,704,29.221890921290704,22.39067232599712,67.1346341980391,80.79526197850764,6
1679d704-4f97-47fb-9378-d7b7b27997ad,379,30.91265508888743,36.12991064540954,12.877473077228585,91.62015055494793,2
6974ccd3-f219-4600-b98b-473b93ef4af5,668,34.15034317629983,33.365806352727034,43.54768327846236,78.91768733957711,7
e48badfe-a10e-4709-9ee7-e4b7992b7d18,nwBt,37.79061037472415,87.60060888809346,79.45236446511804,68.38767023207231,6
62eb5795-8bc2-4f7f-ada2-e5c5dc29c87f,tdyd,52.71037996112607,94.47332116732755,23.031992364442974,93.95974262308994,1
f71667a7-ed23-40f0-8def-22a96616d78c,716,48.36765615544793,54.98977723577028,37.23590521791926,8.569037091267361,8
9d75e8ad-61aa-4e67-9e0d-19e1abb09d46,kbff,2.98778516495708,2.214164123186191,97.34714962252995,65.85077538807188,5
f6f6002b-3b6f-4e82-a16f-f58f6a30b425,489,61.68460092153575,73.02692215553719,39.17738632161753,17.516402676996513,10
da106bb5-73d2-4ea2-9f4d-f985bd3d144c,457,74.69289155623608,1.1680036190303775,27.50279616086462,57.56557428511022,9
f0b0f113-0c81-48aa-b34c-b474dbe56603,297,47.984479855388905,17.30580434198279,58.52149926240067,59.85221039986476,5
1f4cf575-8044-4b89-be71-7aac1202a898,385,82.10496629525461,65.93330114463794,5.901797357144167,91.20338984908145,9
b6f005b1-2160-4a00-b6db-6353c5bcb581,Ohyn,89.47356854436241,59.57435750482317,62.73485028180018,0.3734850748219553,4
5ae84483-0108-431b-ab5b-0b1bdbe61ac9,tgmp,13.240769306035649,35.42628655758986,95.10735395427092,26.142168009979304,9
45df27d4-ff39-4f1b-ac05-6c9e3f0a1a68,473,94.60380782412228,89.99773051454063,69.59886858175722,51.56335680009359,5
d3caa903-22c0-43a6-9098-936d16aef7e2,854,43.18719434981293,84.16773155785806,6.412826416740747,91.78435882407604,9
470a1507-6837-4e34-b831-8b873e32c135,957,69.47536231271133,58.68042161451476,21.280377232569148,21.516492625383687,10
cb27de14-3bbf-4c69-880d-aafabbad3aed,630,86.88847952807745,67.32124299152133,11.112800724542938,51.79136531196479,7
082b8d3f-f15b-47f5-b11b-6b20b5ac34ec,vHpR,39.48200550251308,55.21287887008432,43.75056401037093,97.2872435799804,6
b13ab70c-93d7-4013-b503-8e8a235f0b9d,749,17.288002338469088,75.53156312386905,83.11163633145205,29.394543867031956,2
87d86382-ba2b-41f0-b5f0-aa6471ad58ae,766,38.739094671041016,8.659953603138181,0.6055466106953178,83.73721158298788,1
79829466-8395-46cf-916e-a2295811cd0b,349,23.17492491379135,50.998945518679605,83.89814077159575,12.639328241995653,2
fe229ce8-9b27-4039-9277-29e25a0ed221,blkj,30.098055396546066,19.76693900943797,74.92430195497738,97.28089351446826,6
0163312c-1c9e-49ce-bc5b-268d5e864119,115,95.61454107537956,61.63478834535997,85.48446022628681,43.54617598033408,5
98cd51af-dbc5-46c6-9a5d-f9c64913afbe,507,92.54663104240112,19.17901903161465,18.4398203515492,84.77085939973648,0
104db02d-e8bf-4808-bc65-89381f0dd827,udcx,5.104226288627722,46.17164422651106,91.9472603216396,28.402480431295928,1
193ab8b5-7b5c-4f93-b1a3-e25b85f08a1b,318,40.256471735046496,25.11692495283535,21.62210401451649,39.23999288760485,4
05a157fb-01b4-4384-9f05-2370cb4831f6,467,26.75854354880869,8.024827576809578,93.4391790820805,50.90239718710292,9
5b932168-b7fb-4253-8982-add1b943ca11,943,40.246703186782206,39.34233049638324,45.2290979585348,76.92819512329118,0
4b5b753d-dcd9-4ffd-a3a2-1537207571d6,692,26.96226308979879,57.87002305070704,1.4879513992598348,87.78917957739121,5
071dcf68-1968-498c-9a08-8b95a000c8d6,993,9.592033065117043,76.724798661635,55.90601492265751,58.438977932947225,1
aafecb4f-6bd8-4d06-893a-9c0cc35c0387,66,5.716472404465522,47.563966408435256,8.425329183573316,24.869133042651335,5
e993c261-bb4c-40d9-ba55-0742b88ec0e0,337,96.71943485057056,66.75530374809557,35.80317587409224,79.82701467440731,1
5759a3ce-e798-461f-9fd5-e662ad1d57ca,508,15.655692962672674,49.94177646792705,33.0584988520221,63.57933051229507,3
33b2d30e-ca5d-439f-8105-e6dc551e020a,975,31.451813778310576,16.090375890447106,95.7136760574918,66.80654978221435,0
f6cfc05f-10d3-46b0-ac78-4560b76a083c,314,42.00573339767213,87.04067957038248,96.8749212056534,56.82523021747578,4
f1728367-74b6-418a-80e5-cd49c70e2ea2,337,6.048173925277833,12.87737503342975,67.67326130603652,50.45251086087097,3
95417f07-c5ea-4b22-b801-6625605abf4f,5,7.30961737878274,82.56742429518384,99.03484328526794,24.0061474043365,7
5eadb00f-7ad2-43ac-8be7-428ba5e0eb17,aofh,50.311305065123015,24.55815503778245,81.85504934747547,91.52231164026466,2
d19daeca-616d-4072-828e-60c8c8c4be23,311,74.59583618381471,41.24517772683375,61.335491049238776,61.21393672922459,7
7119847c-6206-4144-b936-a4612c2b1adf,373,59.72897724058635,11.4358237084913,43.96357793954163,71.0890207588113,10
66211c26-ccfe-42f5-b3b2-9e71d5945491,37,81.68682386095007,2.9228549079079125,8.604947738482583,53.34284469879576,3
725729af-5ee0-4dfd-947c-04d7f6bae104,337,67.77277055598424,48.84547572268978,67.09067095969569,46.47653551522162,4
7a50004c-57e0-45bf-9a66-4332ad2ebf5a,763,58.23543134994319,64.42929110748979,0.8726541887862482,99.6388706244179,7
b0f99124-3d1a-4d52-a990-68349bb24017,19,31.174201863454154,43.29242533240853,9.13175092291636,31.416325656938493,1
7f505852-ca59-4d60-9ac3-172b47306726,394,25.272528935263384,41.533688345752125,14.060721973144098,52.77571503874525,7
1799d343-582a-4d5a-9c66-a3fad468981c,whyf,63.3348846356974,43.41647291548287,43.733506318995886,43.421712450823605,9
26222ef3-f1ee-4936-acdb-159f4d62e7cd,265,29.29692324176363,65.08653069396077,42.2049528370469,48.06987413278674,10
dc1b734c-ff1f-446a-b30e-2cd648b3348e,xkzk,54.49607504206882,80.98985456961844,8.54858638984327,23.456281194937706,10
e8dd4acc-5909-4437-8c68-a6e889291324,447,87.49927849191982,82.03259627264451,30.280852006312077,95.85022699373329,6
fae6bfe5-5169-4f8a-8eb1-03e71ddbd6fa,521,67.06455390680281,53.25024099114134,49.69143117754863,46.58172291254734,7
aa516866-0945-4a7f-b961-3c56d9b84e14,199,7.732788305487304,83.2341336514759,99.50204454537658,99.69064019362024,4
70037784-3610-4873-b652-bcc987b1332e,649,99.86347746313412,63.25748310434278,43.91312713112941,8.329599466432104,4
7a8f24c9-2e80-45a2-9a1c-9433f11cb090,705,64.3677758639358,48.843462427915526,52.50386483775321,24.03629297176489,1
2f3aa42a-1db2-447c-8a4d-f889dec825b2,322,2.645241910367746,51.673650690507365,45.166537973825314,26.76453831195821,10
3e9375b7-6e07-49e2-bf30-0d0c154b59f8,jhsa,97.73449287109428,83.09207504174957,35.69103025828496,78.11441831607686,4
48c0e466-6d08-4f81-892b-be53e5f3c4a2,83,13.552465429046244,2.291681102967713,62.24601509116524,24.97407707653555,2
92c18430-816e-49e7-9745-7ae6ec8d16f8,857,46.22427431285941,49.59084896403599,41.12262824373839,61.32433106973263,0
844e2d6d-ad62-4e2b-be8d-92728cf18368,521,58.0967024926958,22.388571924178603,78.53540205327427,72.15979680811854,1
837670b3-8222-4733-9476-1e809bb0b741,ocfx,72.10652269456894,25.53705063811662,84.26512542976334,73.27878310368962,10
e74b01b7-9f35-4afe-86db-a0d8cf033933,udyv,99.02321829008488,49.64181964818811,96.78061727721172,90.48969985452857,5
2601e395-0a4c-477d-8e09-9faedf902123,722,38.09054828213544,28.310518361100467,27.152115220398095,24.018767473438874,1
dc5d7eed-686b-4c9f-b5de-fc8a3b7f2949,452,43.45438140722449,5.177026995816513,90.3319521124011,25.645932977166098,1
ac0e6cc4-61a9-4b01-911f-1021f07f95fd,942,20.10441434136019,19.6553427018071,77.43896054433435,36.7479160080618,8
9b448410-af14-4300-9062-5c087eb4c9ce,699,51.13554130300172,22.07126188878613,40.708769291262,62.37489654459698,7
6d449af9-900e-48cd-89f7-94f6f692cf3e,jnzi,72.66550335740916,31.99679188937196,36.47996785931088,3.5845968644143467,4
e1f896e6-3858-4409-a6db-4ef628914739,233,94.97413727804047,61.21008501396067,80.4306001245825,79.14246321498324,5
75786def-ed06-477f-b384-93b614269232,ciyf,24.664477403329943,29.388486859636707,75.27353306520543,32.60147931913704,1
78aac1a7-cd38-4dee-ac69-7df537bae97d,840,89.70760135096889,1.8946882385892927,6.33144991218868,54.75107628786529,2
8894bbf0-422f-4c52-ba2c-94b7b442a433,854,5.123157825008495,24.04482808407544,18.501224697328222,92.6832997276445,4
d1771b12-0c7e-4be6-b05a-3cb5c1a5541d,639,38.350865215464495,67.80985910972522,1.8566906377283756,58.199095789732816,1
45f07a14-d7ae-43fd-84c5-ea3b393a70dc,Xiiv,72.78906212790791,20.54206928564461,14.238098800689148,33.20392776473335,5
b14c9d17-8965-4e69-a64d-223c5c428780,764,38.80335655473493,38.91988325291496,37.30125182701509,79.34890131567741,1
fdf81743-2fc1-456b-8821-aade4a3fb808,507,86.47247359120239,91.0311604854652,69.42884001344613,58.42949811854778,3
91d1435c-4c6a-4317-bb8d-e7fce3ec6857,940,33.82579527688063,72.13574734607039,16.781723037892693,28.23596059262332,0
5f85dccd-94c5-457b-8dd1-03ae5c7edea2,967,65.52453264546484,40.9663516239429,30.17354673636614,83.61235920514821,1
389f1033-5037-4317-9e40-45649864a17e,651,21.476969291072457,21.279813349671738,25.057115198365075,2.068316719953678,1
ca65f62c-43c4-4cfa-a27b-144c6d9592f3,817,5.401225548664779,17.081350466865786,63.59221417194772,49.54551570151594,0
c33ab230-b95f-4a49-9c54-ff04fe3eb740,716,92.01366248467308,93.0679783934146,34.6763235729062,64.12436126161664,5
703796be-d579-4ed5-be21-3641a592848d,768,29.225112381639985,83.59993655969306,46.06872185273938,99.64604058687476,7
837c9a4f-9a56-4a9a-8329-a8aa83be15e2,807,50.99040012249112,83.16472334551187,48.30309855154209,77.3384488971531,3
b50f9ac7-1d60-4577-850e-6fd4b90121e5,slyh,57.37401905812671,94.504778325725,55.92477042458346,74.60032835004951,7
ce445cf5-e851-4fcf-b0fe-e18166880813,135,29.976446412117618,98.11079213480984,74.14336088307127,96.77389518391443,9
910e328d-105a-4240-a877-f19b5ef7d94c,437,0.9161828135532012,3.188836023786079,16.830693102499396,6.082613653403746,3
67d52a77-5ed3-4d4d-93f3-9b89e77006dd,602,10.17468225546544,80.05746540653188,12.163758403084556,6.723616426908274,0
ee2092ba-a9c1-4336-9664-86fe8740aad3,754,3.8020924185682703,28.74732027665967,3.6996416460851935,94.67885270796296,8
3c00ede2-b395-42c6-8a12-f8cdd0892d19,13,10.48061769527865,38.88765619110451,38.55313600325893,57.97766260626087,1
ab6d656c-4a0c-48a3-9a0b-a248e6553e1b,816,28.328813364077465,86.37975238763197,0.0719265982457306,73.1926053586799,7
6ca88def-ee49-4a30-a636-01bf3ccf8d81,14,14.440713804672356,5.748401777737189,78.16712077653088,6.337444891385246,0
b539dec4-4f6d-49ed-959b-eef2de95e3a6,378,64.28834512297855,90.76274386559486,42.36552582640234,46.53298196420389,2
c4196403-9670-492e-b871-c8d7c9294332,gxxu,78.351477897481,20.196300602746675,57.91206746619544,3.293192362725017,2
04bf8ff3-161b-4393-b7f0-a9a7f7145aeb,356,55.89948578663439,36.00485594322276,55.73686884569569,25.064534698028808,8
22746941-694a-44c0-a931-1f3182b04215,815,33.33868430692176,33.30597666515865,19.862292937246284,36.74496808494838,8
b60a339f-41bb-475f-95ce-6dc1bdcc0700,eeJp,57.36289757690237,58.04511391870015,65.50417227941752,31.302434111329845,3
dd30afea-d264-4d31-b45d-301be06c2ec2,894,57.07839413201544,92.3942816304977,78.98199780566978,36.17824040752925,4
4f62196c-9fce-43f4-878a-4fbb213b0904,61,15.36831332899611,54.68924994123616,73.58326719652516,76.7774959434206,0
c2d30a14-8b94-492c-8fb7-aa34691d5d89,xfe,88.97361152320698,22.062431323151333,86.32696346191945,7.918189450997836,6
d9a93521-15cd-4ade-a254-6f20096c03b9,141,44.12985319604496,10.692468381860154,70.37199481858973,67.62463818535784,6
41a2fdb1-cbef-4371-a1f8-a339dda71edf,333,57.67510639675207,86.96691325986453,87.99487370360802,80.44633745693388,2
790d9b86-dd94-4391-abfd-6f27e18c7a3b,450,71.92406777772604,45.39362184515584,97.96570071369555,89.0063630553886,8
4af63b88-229d-4c6c-aab9-965539f3c1d5,wipg,47.1693755801196,51.52301215119378,37.934494254384965,55.846540835750936,5
c4f3b8ad-1e03-4436-b60d-f8431a8011c1,900,43.42353377425769,36.83961467153895,34.41712609318195,5.664929650002771,0
dc22135a-b25d-49dc-94bb-70de9d774d19,377,47.69560863586426,15.911029155815648,50.03501111787363,30.140543019959832,4
a1034ad9-5c76-4fe9-bec7-2a33a90cdbac,471,39.21152165484976,98.2326198005875,69.84634190134838,24.99033755110848,4
7c5bce2c-c0a9-4815-bf1d-238d9821f68a,364,2.818834830102379,2.9378133658022,41.98152150915519,85.52737874114922,5
0a42e4b4-b2a9-4ce9-ab2c-531e8ece5d6b,90,54.876117524019776,68.69167373911765,9.409310192603094,57.49827840526231,6
50d61f81-86c2-4e79-8a07-cb4d339888ad,xrvw,3.090850825142644,3.3514379794942983,68.3833508706348,30.987441202996603,9
657703a3-a7d4-487d-ab72-0be80d5e1bdc,37,54.23484913621568,72.21984309980765,46.99969771195309,36.39491902463215,8
01acdf69-6e8a-483e-bdbf-5e3143f43d9e,724,20.633694175660978,72.11049461950728,76.65046737806782,69.5663746753659,7
29a539b7-1fdf-4f9a-9641-5e4a25344881,756,74.78063154790149,1.5975821160180037,85.05649119369095,17.294262832049945,3
cf9a31d1-e9ec-4d8e-aefc-6434c805ffc2,988,36.86715996407612,40.86199731980875,58.0051361001011,80.0814141829558,10
ca20ff6b-2e63-4c0f-b655-e62156b94f0a,962,1.7553355051257324,67.63235231398994,96.19096411598682,76.4687613692951,4
cf1ab3c0-4356-4c3e-a1fd-8a79de3afd8e,266,16.21293735318734,44.06259366364473,75.38365920120421,96.6690757468196,4
b2630675-65d0-4b34-87b1-aa5b2ad5c816,345,98.855782139917,70.40475343836222,32.52013372869293,48.70344624668238,0
b38577a3-bf30-4e87-b428-65aabd22cdac,qkgq,96.46678067837604,93.37538342240616,72.1436959547122,4.397036743103577,4
9c8c5aac-82b0-49b7-88cb-b16435806ef9,917,57.50154318809973,93.22511250101306,9.228916265333387,47.57266268881192,2
d6488158-d305-4dea-8b3e-1f08ca4b7faf,706,54.63383879167829,26.93036735868585,83.22063815169483,28.575633920643277,10
e615b182-841e-4fd6-9140-55fcb0657851,lstc,35.98909626509872,21.03848822512363,94.41688981455825,11.992635238040284,7
a090f533-221b-440a-8585-412415513e91,409,45.294503355071726,61.453589418222485,35.27460820047027,30.161599194525223,4
78f92f64-7d4e-4971-99b6-78266f89172e,913,10.06619403385608,54.26052671311,54.37892248983207,43.56932983089601,9
74b23c67-2334-4bcb-a199-a5b25c4a49d8,91,94.8657884950618,54.81147799805366,14.135955891332063,42.02340138323208,0
3adac4d8-0e75-4a2e-8d22-d665381907c4,uudq,64.2664908370701,98.13046643383116,69.10230242109655,73.30663675171968,7
ec662e49-1033-4f2a-83f4-c13798044878,720,89.02606569943899,1.857707219986404,36.90373022738671,86.82265963311956,3
32fb046b-8d4d-47c3-82bf-86257d0d3b6c,skto,77.3397188585741,23.492787887224985,11.745453511847902,66.56110790521336,1
dc3ff56f-fff3-44fb-b932-74de5d12a7b1,724,18.49547849412009,44.84619942356052,21.21181231615895,94.81240508073758,4
3b9ed7b4-be1b-46b4-8cae-6f128a300349,vdhn,92.8490709143365,63.20666639438988,87.3489330183882,62.53817757273288,2
9f8cc194-ff84-4f7d-b8c3-0246ec5aaf2d,zdlS,68.73852717962508,45.1417521246089,97.23972817725875,32.1846679805646,2
5e3cf103-8c4b-4017-969e-25895d9f47c8,114,57.54605799911092,42.10754182035127,50.09884337104822,70.79009538789504,1
6c1692d5-ec1f-4e31-9fce-b33c237c9cb3,125,10.411678665558489,19.247208021888195,42.21490358720055,49.409784867325214,10
eec43329-e2cd-4db5-b811-fe3ca6589742,742,27.964711252818443,40.59310692677928,28.688039639580364,87.1886706841652,8
eb4262c1-695f-4eca-937c-86a36889401d,973,26.61571812799084,90.81015146977457,62.4153145582108,72.12019180734846,3
260b4b85-820b-4e8f-a9bc-8ae0d6c29bd6,535,84.76827304902098,67.2038672527217,24.17382830895133,73.17319952578244,2
00d8bf27-3ae0-4bef-9b95-75df715ac864,517,6.473647115566717,39.86969374971249,31.765486891191543,58.50868940508632,10
697c0e9f-80a3-41c1-950f-53f5b82b8114,yamu,80.70715162336336,71.89048385946913,83.58444329594383,29.939354804143747,1
bee22f37-c91b-4a86-816e-83bb91303ed9,740,79.57044854597277,58.8763911650098,57.59191401432423,0.6115817809185686,3
6d74f0d4-4e42-4ee6-aaa3-b46bfd7ae42c,185,50.1420916857941,88.43552759986683,45.59056915384001,87.06798950650386,5
fa9bbb3f-c880-4246-9077-5093479345b3,Hdec,86.82204313018305,43.38663945454009,40.33056442963375,28.707989583293923,4
9d490817-5636-44ef-9bae-f56fc312eb2b,146,79.53804037477326,40.1266989439921,19.694290470717323,19.373428684364736,7
5829296f-0af4-4554-af27-277ede216de0,jgaw,10.346629947256467,37.40977458589365,86.17363559167266,83.34790132829866,0
21ac7705-b321-4ec7-8a94-96dd74c1c416,13,33.06536326427104,28.75132491177219,18.249772626770643,68.91822016765093,9
7d6d6276-ad7f-4acb-84ea-03178d532dbb,581,22.80941772958488,85.86931091428245,3.15275334299977,62.18782628208721,4
c9713754-a6f8-4e2c-94be-107aca77cc98,781,17.59502717632281,72.86118994701366,90.30310337401664,26.62617178197785,4
a4458c98-9e1b-4f51-8453-9a10fc02718c,971,85.19601390617831,88.67875833965965,99.49940330682692,38.70853678605075,0
401a0ea5-aae7-4a2e-ac9c-5547d42d59ee,736,92.6827027942443,53.26784588508027,46.97546692701852,10.363927595032562,3
78d61116-d8d5-4071-bcf6-1c286d73066e,wuhD,33.50831864514227,55.81855854687466,99.64226975854493,82.14062824354474,10
6f76160c-e64b-4837-b7f0-4cc538032b39,70,65.48479956650071,41.151063258561614,76.95456356773958,26.167581797693074,0
54de0fa5-6feb-498b-91a8-711b8422431e,920,46.146368805376966,97.809069299506,43.49061464066529,79.97522950387011,10
ba030983-b74a-4944-b000-20178532705a,672,36.48396523998094,14.55510077426232,82.92645896857532,31.26357639568812,4
044802f3-a313-4950-ac32-57d41d1e5274,239,10.918480364927383,43.97593509318744,20.698574429873407,57.57283352504199,2
f1daae53-94bc-4f18-9aca-0be0741dec91,438,71.15831139974377,95.41728732059534,87.24585031351178,54.73848217667568,1
c1005b18-5450-4c90-88fb-002cf825229b,957,1.5795874942334145,62.213224670207424,91.32087634235413,89.12609100540958,4
b58d4a40-4c67-4c07-bf78-9f14e9a98fe5,603,37.416897653076944,92.95276498817204,16.22213312232459,51.740072275502335,7
cfe769be-9b82-4eee-959a-3ac694bf9089,275,9.590202927696678,96.34271059779742,76.4275908148685,69.47367514101785,8
6ab97eb6-d4ff-4ef6-bb2f-f4514f8a02f7,296,54.499546392140296,56.833460457814446,30.47108566595065,63.57457517031398,5
8df56d4b-5b44-4e57-a1b9-521e319e8bad,240,49.79002893608321,41.76136237099208,23.523803125201447,63.20554090691024,1
4e76aa13-9f7a-486e-9c27-a0dd57effc76,156,49.79501853029484,26.851363698793428,91.88484488285565,95.72297232281504,2
f8b5676c-6808-4c72-ac96-53168d4e4193,607,5.58524738438696,83.45207540568667,30.189882502585903,64.25526917252112,9
dc90e0e7-ca49-4865-96e2-a174a536baef,171,96.72920126806903,89.13164879534051,56.37966714794447,91.0070428786578,8
25d2b79b-72cc-4310-81d9-d742a4a8a4e7,mwos,73.82747142849757,85.47526027767499,98.8580936712242,40.6516188033122,5
434f8eb9-0894-481a-81ac-c4ade9fbda3a,328,23.032030364059263,82.50764208476309,21.906903834396783,56.12908127318285,6
ea7b535a-b381-45d1-bcd9-c6e8bdff1b05,179,98.5702451224774,54.19927003437456,27.556294777866864,55.50800695238609,4
967e1394-06ca-4ceb-bcfc-fe8b9ad7ce5f,729,31.57011113977665,4.870969432146088,92.34152502872335,40.32649810119685,10
046625ee-3304-4e36-8b81-29225ad97a97,876,19.33989672642802,17.114857017313902,13.502167284157418,14.481915482461003,5
77845055-9784-4300-af94-8a98b84ebe8d,olnv,13.276637326000774,35.09916250055022,19.23196846101821,40.04973339070808,9
6142d75b-f188-4660-af65-6f641ad5284f,534,63.95105328683682,26.635364045501557,44.89691369472927,37.691293118500255,1
260caa59-e6fa-47b1-b82d-420abe46e150,865,1.9173844043172683,25.59816339929524,58.059294775851725,32.81978105178439,10
e8b74393-1365-485c-9bfd-963767ffc8a5,378,13.575510664705758,3.468224246848184,81.3178118645419,44.35005042850497,8
6e74c6c6-468f-4542-be02-13aaf9b1cae4,94,62.27547218833593,37.59970259638544,58.7935614250292,56.346019902889374,5
8596dde9-e898-4a41-b923-42673f69cf22,736,46.0738127778735,98.39159946267856,83.88974673408221,17.307807444745006,4
89d68a0f-bef1-4cc9-b09a-afa2b479e23a,416,66.57587970928472,3.518404607048531,31.26618914030621,70.90570225119026,7
cd2c38d7-b6b8-4559-afd5-b38b2036fc9e,732,43.66174027633816,53.00387906126631,48.10172746126664,34.760526453462724,3
8d47d213-06d0-42b3-93ce-83ea6276aaf6,133,33.00203373620156,89.3429810187343,12.024592260704692,56.46184577981893,8
de40865e-eb56-4f91-b235-f0139d49e2a1,84,44.27768825647848,6.552607717665326,24.59604976203632,30.32148749647113,1
48ef2f1f-3339-4ef4-917f-1e7f7258c0e1,196,34.31493908753009,27.09738427860673,33.39793963884787,55.37790525263671,4
dbee9e4c-4660-44ff-b534-1dc92662a92f,2,15.42347899483837,83.09591093353882,39.0320570387416,50.41807362519075,0
d1a97e9a-e6ed-47dc-998c-7b68f1a76a8f,895,75.94138949047003,90.31415979076424,84.79541683522794,58.95246881273562,8
1e7f17c1-8cbb-4655-b36a-4d63108901fe,553,18.486755468211403,69.85021357549195,79.14552686666126,32.133910770397335,5
54b29885-018e-4e02-8174-d5e9f995011d,927,40.11921718696527,15.373947290102484,81.0665492707682,45.37843215929498,3
dd8e0ba4-00fa-482a-ad21-171c07dd7b1c,662,60.04819355918936,64.63491089330047,18.7608820688326,71.28394504276736,5
ac5e1da3-4aa2-4fcb-82c3-8bfa0b41f287,535,50.854801799783885,12.553531702365971,99.72451305271407,73.99989344398655,2
f22f77c8-988c-4fa2-b9d1-408ee390dfaa,shjs,73.41440692752953,77.69924988776324,79.39584056674931,97.38297930196194,9
ff6adf75-cda1-44a3-92a7-3e7e2076d61b,681,42.514218005005525,33.88385884809243,83.79075635563021,83.38247870311523,8
d1842eee-2eba-43c6-b99c-632330bd44ed,747,33.0946848388477,13.366751718002234,7.769890765491983,25.949644894094483,6
c2726db1-5fb6-4ba1-8801-536299fbd10d,844,4.827977438145769,84.84205183112552,9.534305340417436,78.83179167270723,10
23a2d800-a50e-4752-9556-b62bd467462a,679,18.554171607928605,26.823302736341525,62.486729811851326,13.679732870332971,2
2f0ddc3d-6c21-4cb4-8058-d5846f270644,zmzh,18.41787578572,56.79879086003731,82.19575475699571,61.06040723461326,4
389074c0-ee47-4d7c-8487-f9dfa5260f05,zsdK,14.482795051383048,64.2117958705054,53.79286951277559,19.838638872451497,8
8d3755f3-4b07-4dea-8cf9-221888030af4,dY,6.410928255403558,77.80925107437969,53.69623486207552,26.20187657600469,5
c98819e8-9311-4107-ab8f-bb56e4bc65b8,111,96.37779360505398,48.89981554028613,10.457058232647531,42.73970507063017,10
023b3a70-39c9-4a9a-b1e0-87894ae91b33,553,94.51359036309236,75.59339478221675,94.69363598700454,68.85839789668412,3
69f2e4ab-7dab-40a9-9437-707f03877b62,811,61.11304808104716,73.09928434102014,35.457930104703586,50.29424004675356,10
a005d682-ae21-4ba4-934f-207cd7f9e5e7,756,89.27360615418947,12.94703257693648,29.160706407657187,76.12945506316612,7
314dbb70-92c3-4b32-8d76-85886e0e67a0,137,74.77582680242787,88.70810186438919,21.591802910555668,20.937416228577387,3
d115673a-5d59-4b53-846f-9f825af40e45,Cumn,30.314426138616057,45.44451728096225,42.99754941748687,75.03169314824225,8
39c7863b-c3d9-4933-90e1-7572475d12d6,421,33.7871338897384,10.685963831830502,54.57783215809332,79.77790614128043,1
02bbf6db-f970-416b-a092-c1edbe9bc7f3,853,99.66456006685696,10.727021322725626,85.18193943839901,41.38932244066967,10
e72f67e0-36f9-4f5e-8ccd-50f7aae0599c,vltp,58.017978410432704,22.097938311817288,92.76691560899069,38.830334079516206,9
847f37b2-739e-4a78-9fb8-866d9f22b681,qLmp,83.03336023696225,71.14060629833325,45.994062169246185,16.054795351887428,9
b1896ccb-09d8-4a83-bd79-d44c33b21f23,wmdn,45.42539423177142,45.74049377420138,72.14297349012077,95.169607692084,6
b33b0d88-235b-4556-a7ee-747405f7e68d,192,95.89449173904458,0.6610268067235414,52.28646694242466,33.70501250756306,9
f4a3b108-1e1f-49fe-a41a-4afaea6a3c81,949,39.50339855865624,8.134433724194645,32.6414888710538,94.90040178379974,10
77750eea-615b-4f1f-bdc4-82fe222791e1,bclz,68.0334906801478,58.59717333722652,86.8049053119308,16.328583705636568,8
9b7eea9c-92e8-4e9b-8b83-4dddb70d0415,971,55.80712706426131,22.886860146250687,4.876466768130428,83.38791675562216,6
06ba7a96-5b43-4c4d-b095-49a905d0d1e3,449,49.56915503928792,96.78253518094095,43.12900807204514,17.127303848253163,4
230d705d-4be9-4b4c-8afe-73bde3bc321e,371,42.58252938531943,62.98075392278781,17.134186719042344,64.84130442414907,9
f76d90fa-f4ce-4606-9852-19f745e6f628,311,65.74061784983697,63.58937393475163,51.96013659239448,67.04405502470154,9
257ab79d-8f71-4eed-ad97-e0088831567f,xqzj,41.88790983330978,91.90510537899132,93.1637965542545,78.7719721871379,4
1845a931-f2fe-4a77-9c1c-1fbcf2a98bff,genG,68.61892809297969,70.3507645642621,37.01444611413247,14.943465577807514,8
83226459-d0e1-436e-8b57-d845e1a35dfe,100,92.06539877006848,22.456742115455064,10.62932839056555,81.76423482365944,7
eafda3f4-5c30-4278-bee1-1663040a279e,823,13.13396668498178,70.64635709962693,80.3524253192538,19.360127632580248,4
7e1c1726-4273-4d7f-81a6-9e55b1cf62aa,685,42.28419293681976,2.991483375452764,32.144659328914024,4.2346927998495705,3
3cbb8711-6c02-4352-bff5-8ec2111322c4,651,14.460276269051908,46.64949077673624,35.96419131333247,57.89936045224423,2
cbad94e4-74e0-4801-aa5f-63bea52c5598,362,16.466899079729945,77.90801812226253,85.17072018620982,33.87725009670343,1
a5cad16c-a4f6-4443-99af-c93fb7db9a41,396,83.90299783844046,17.02737874259893,48.15034505817146,48.83938180311497,9
ced7380e-b3ab-48c8-b762-b1360be0f58c,422,82.16930571883454,69.67778397214694,33.00233828387222,44.8511386565971,8
332d9058-058d-46a9-b861-b3e7f20efd1f,104,84.67774315050903,10.352352686560618,68.29563074419927,59.44880978679543,7
2acfc382-d6d1-4dc0-b7f6-393bcd61dd8d,712,56.29118752998538,1.1046996297572775,13.389180093403418,93.09619809213692,4
74f69118-e6fc-4d36-919f-840981b371ff,554,85.51144954816635,68.0381098608978,47.34972657871387,25.355724578859007,7
c304a02b-4a02-4295-a425-9431a1a5254e,592,85.70759555301271,24.49197621016309,34.48098782288555,26.35303276543845,3
af66167f-4156-4a4e-99e1-26dd807864b2,228,54.77410771548247,66.06233825027915,33.240376868528145,52.779327913043495,4
003aa9c2-8d4a-4248-811f-7460bf783c98,894,34.27434133138082,47.61280799202795,17.47725971244405,32.72824979263104,1
ccf86f17-6394-4570-8642-1f405acffefc,505,66.01990026202277,71.35490080885569,96.33773604866502,89.92547052113869,0
4385be31-3f76-4393-9054-6c1af9c71d06,nnnm,79.42520838630462,38.66099588328523,11.945095293786023,46.25113470935659,3
16fa48da-ea37-4915-b329-ea2cde855ef8,280,96.18963670442744,49.13154568250927,5.426326963087769,82.00554472609922,4
ee07f02b-0738-4d63-88b0-38e49dafd6da,738,88.76481247967284,82.61808107095361,53.996697516921046,16.09801887104019,8
bdee83dd-c37e-4d4c-9401-36988e95145f,25,23.937026846031763,12.59762603771588,72.00675804932294,35.16696443467475,6
7caecf65-8051-474b-8468-41d2983ee1a5,645,6.926525111573756,64.83785007211151,67.07399920474252,69.66659596570608,5
c35e2290-6773-49da-88e0-1c9a33634a5e,vkyi,70.27923440359197,27.819051798169824,97.07876927815788,4.41519222516572,7
cffcf83f-5f3f-4cec-b482-3cab8c3cbb21,612,81.28219769715761,16.091562565779494,23.378238535669404,38.04148671213494,5
eb79db2b-7217-4ddb-8e5a-e3745709780e,qaGN,25.74141249365214,80.05320426371532,34.83781855033834,58.32667830886257,3
0cea294c-902f-4a09-9116-579759f46177,orqv,99.90541017691024,34.31448099367525,0.5771807128732154,26.29154897266123,4
d45b7b8b-baf5-4b25-a837-98957b5b9836,993,71.63047293323176,39.19227770598995,54.92365386967274,63.42781044804971,0
4b640e56-afa9-4bd3-8bb0-fec73d892712,215,67.58448706350816,84.68119069433061,42.54432904963284,15.799126858057411,10
80043d8d-e9d2-4ea0-978d-91d0b4330003,435,52.68635423544686,27.953993020507973,14.068665465610088,31.04479607867673,2
9d5d7675-7d63-4af8-8c04-da7903a5ffd3,318,16.87760326495612,45.42490423007733,13.37204750595744,14.306138909845846,8
d289744e-5116-44e3-8fbb-bc4c6745bf80,233,2.849683128398284,5.109705660823627,16.665569923710912,55.80096258454247,9
2aa34640-61d8-43c8-b472-d474e856efe8,467,72.93836911212821,3.3701354979216336,65.17664583222292,28.16997078280076,2
1bc22a20-3537-4069-b62a-7ca8bec50104,905,86.4487913388643,1.917274492850629,27.877684788217472,46.67586595995166,8
4c984a81-8c7c-47e6-8481-050cf877d9ae,575,82.65597359141762,9.812119779281414,30.394006017487285,96.45892137712788,3
17beafd9-822f-46cf-ad9e-4cb58229974e,99,47.72546453262257,95.8955247052778,63.961407156610726,7.376250350090552,9
0d2559b9-69d1-4ee0-b805-7c0e29aae5ed,sMPv,6.0679172414653255,27.714710182605074,50.31905441477276,11.719640832407052,0
a8626f2e-647d-4984-8c14-757c32129594,524,83.81989326745789,80.08448136398135,81.53890862510248,56.09418667609005,0
974eae9f-a699-4f03-a01f-46f208ed7b4f,396,20.81646541190392,52.52286379629139,2.538573808531785,52.03919059717001,4
15b8a7d6-af96-40e2-9bdd-5b3c74aa79c4,694,66.82777833193354,17.308358252474665,79.77367935029388,94.250082054739,10
0ad7dc8c-54d1-4556-b2f5-4432665da0a6,Bjrz,19.670078537632183,47.50169337524738,74.7158470637831,19.7218182682414,6
2e066c98-ffb4-4227-93bd-25f209f97665,593,73.8629859386345,28.881389740853614,54.40955368377851,89.0438175803097,2
00dc9910-179c-4ba1-b29c-ea91ec91d0e8,207,15.51732296188748,60.53232807250664,9.461664059491248,74.20963912695808,1
47958241-b50e-45ae-b835-d1cf9188108e,568,30.16825416889516,20.87470665007876,7.251642879776932,15.303760989116032,7
edf4342d-bcad-4e5c-a50d-c9ec28622b51,ik,4.28407854350975,96.98079219637545,71.24874829389125,93.10573525434232,4
0cfa1607-6e97-484e-a50c-d0f660b42dc8,460,7.339251002080916,3.331300587471453,13.640394349028297,89.8723105954956,4
5bea8a2b-7b97-4681-9313-77d600f44394,968,39.681893588578575,14.656447693848406,18.05750261857029,50.68594217219006,8
d25788bc-1e7e-4af0-9317-782f3c7b68d2,227,51.41554427524618,83.88259656340631,73.94497409775637,20.44371483689116,4
b185185e-449f-4365-a881-eb4e5a67c48c,229,30.27667187498836,0.816925384286149,19.243004202453896,33.98122620830465,7
725f2df8-c185-4f94-8b2f-1786af41f41f,291,14.452822528943488,66.49976245281044,29.16050240677649,52.45095445644195,5
6b8ffe6b-048d-48cf-bd35-e9e8e5139c75,534,56.1874833161576,52.6111458355368,29.906926531386123,81.72322012405026,9
8215485e-94b4-4e08-9dfb-f1a814c9d9e0,270,12.808401917618484,55.29601380627006,73.16923518721144,79.3994349716718,5
4a441fc4-8459-410c-b1f1-872b9b911796,413,90.34927996132411,86.66366770779113,56.3613263076108,16.87173161378904,8
0c3e3569-a92f-4a18-8fa5-208eee0da37d,agvu,28.21398563058679,82.76721933524367,14.613057513156146,63.10280701809241,10
ad31e1c3-8d7c-40d9-a9c2-ef235f88d5f6,558,42.26952945948539,3.129606453867362,43.449659137584376,21.67028104589187,1
62b4a25a-97a0-4a5d-b4cc-3e192e135723,yHqj,65.1766408521516,38.879877302310696,69.99372390227244,26.650976379799506,9
46ecc4cf-594b-426a-ad71-fbd24df8ef2e,xwex,47.22387650024681,23.255385973026467,93.94186088213183,51.92919733437107,0
06acbff0-9f1d-4dd9-b8f3-f640b244b4a8,727,66.09022124246363,97.22252997795286,46.64649645245365,46.54992412065839,8
fa2c044a-6c33-4ac3-953d-8e73c17e6967,957,12.619192670973469,31.813394457705854,17.300400119597636,63.28755803275526,6
a8235824-3517-4269-8c07-98d6eae9242e,291,4.251751233337597,85.3000825669589,16.024231082236895,8.979851515942839,0
71ed4206-03f5-4c2f-89f6-c324827e4d7b,851,82.75587438246473,76.11669671894965,28.721376505011097,54.83776330041372,2
081387db-0f90-4680-86c6-ac2797073766,552,96.72941138445778,88.54667076010124,60.95768540518648,19.737225136380378,1
0b9eb27e-dd6c-4182-8377-a9251260b546,1000,2.3598164117652365,42.16081384505214,91.6278745693527,12.309960848758871,10
63fa5313-376c-4311-beda-6ff21b9e26e7,535,15.48840606124806,69.41514466093206,34.16541103059584,45.34153270258512,9
51dea631-a3b3-49d2-b33c-315aba2bdeac,244,9.602170973476776,80.15861854333092,70.9335048483815,67.09491061704212,4
3c7249b3-14a3-4e3f-a851-7cc0ff34fed9,800,37.93789551806238,57.34196729265779,53.93334000199137,89.62137684464906,3
aba4865a-5957-4989-8eee-caf7d8a3e974,697,63.79576581185301,62.80284770009074,51.954190943553634,99.49912468326612,9
f32086b4-fbb0-4d33-b04a-64b926d90d15,131,34.04088188947594,50.05949777325743,87.2084646132395,39.34588624756912,8
0584db44-19d2-475d-930f-f62b5b058bd6,,52.40664286507671,64.89926014911505,24.308246011407743,53.36606611487584,1
405e22eb-4bd3-4bc5-a12c-d45534d316f7,300,76.7754430630986,66.16090932927263,14.948180871453932,36.33098528356127,0
35af781a-b90a-4886-8c93-670695c4f398,181,69.53856665458477,47.14215029718847,46.54852338092026,3.2909137378866027,5
f2ca9652-7da4-4895-98f2-fb3f8e8ffa97,897,93.415940621033,12.051369465791597,31.521040151116274,0.9198607834061012,7
a604ac30-9ac9-4f6c-9d5b-df2430c51a2f,499,89.64113674749325,17.83958799202785,58.23413407014954,11.097181843245284,8
3f9a779a-3be0-44e6-bc76-e975b33a0f21,343,79.48050121327282,96.11336193046584,24.535080552617018,72.04687375031878,7
93e457f4-0c57-4214-bc89-8d27c0f97424,741,24.0917290751547,22.533254019715297,8.493825131704757,8.202102456352788,2
0b0a44f2-2466-433d-9035-bbe8dbecf6fa,959,70.95773630043863,71.61289791461978,38.62820737997611,58.74666477774292,0
770b9f1d-4bf7-4aef-98fe-51a49292624a,233,23.313132271641457,15.328550478491598,92.47420871527592,29.142942855025638,8
c8c7acb7-8648-444e-9d22-10f1ff84417a,612,4.069236198637361,35.78309375336853,85.5285984157434,12.342602979181194,8
5a4ae4d7-9531-4652-8ce4-3ca64de7347a,807,36.42765926292813,67.253997888896,63.19744773332212,67.28235855829465,10
5f3cb860-fc3e-497e-8aba-fb18ec473a17,293,21.2379463735526,46.62215098271383,66.0083721855529,11.42397849018657,6
d25a7149-80ec-404e-b694-8c6f0c568107,yvko,93.85005500114156,54.16893477632778,48.52614316101117,22.79995892012302,8
816a37b9-9d14-4da8-98de-d9e871efb1a8,762,2.1396370031056438,62.74916522333559,97.25019281172608,46.60742243432845,9
e56ec063-2e71-4ffb-af14-ce0511a17bb0,257,85.5633037417369,58.96760319213666,95.0662477229582,61.10495986669314,5
d3641164-a860-4569-b568-8ad073d93d56,987,44.28585360425954,22.782308844622435,20.435525102853603,84.12724123558701,10
fa5e1862-8243-42c2-bdf3-f92634d03c74,Arai,49.15154605041451,55.51854934515169,70.89114176721871,82.35748038114846,0
27f9e5af-83dc-412c-b054-61651a701522,158,72.37099905620367,34.51794596259442,57.09425352155411,65.12634274646638,2
b3117acb-93ad-4900-bd70-ac5bddb445ec,foep,2.160560167466385,63.89207515820573,44.23872326497712,38.91885061358609,5
0fef8ebf-6a72-4fc8-b2fd-7a8a10bc27fa,127,23.711445108654605,5.416831203359685,89.3326942269735,19.133217051880823,5
e2dd86d5-4495-45d9-a01c-d3c48abd85f1,766,40.15416752060755,90.29909559824311,48.15034476608133,49.8928987384918,5
1e797d69-e0fd-4b2f-acc0-60e483317fb3,btEg,42.57342987336571,10.813622634972052,22.13931944432592,43.33363828407333,10
8556b420-bc3a-4018-8c7f-12a253e5662a,efdY,75.4244063366512,53.53365500840391,62.952465364532095,15.416064969674458,5
687d75ea-ff08-454d-b429-182e2c5b9cf2,959,14.411892281660666,48.08656105228892,28.65345020949499,60.107454822431336,5
25174ff0-40bc-439a-b6ce-f2dba779e565,420,57.84428440275836,41.81463042271274,37.95897028820605,23.76705277053667,8
27139bec-9f12-4ffa-8bb6-2ea857950db4,513,15.094517037371858,78.67436137656199,82.49969584871948,98.87727897538664,6
69c4136a-09df-4262-931b-696e73fb71e9,562,46.83018259679327,97.18321213623857,52.169462206998105,99.96143615003766,5
977ddbd7-cc0a-4951-8a61-8cb81717d770,357,52.57263984698712,50.41667124191412,3.1193438706870857,93.67490504980752,5
4826cdb9-cd64-4589-99a4-3e922427df05,682,46.87552435573736,26.527697440757592,72.67728301368261,58.64957508519467,1
9bdf01fa-4fa1-437d-9400-b12826ea5551,380,54.8868113537828,55.27547724639367,44.73683107453411,37.68170646735586,9
6b340cc9-3733-4fe0-a0bd-bb8e3c3c1b72,Bcgh,58.25277342479678,52.49216184533104,66.30206143801718,87.73382419117031,8
8718f40c-06f2-40f9-a981-865b83f53bfc,990,20.17113649398674,55.94864749926649,38.41547586688302,5.622251770797848,1
6edc1b63-19f8-49e5-a668-f19ef3804eb4,440,19.98639549132144,60.14431746148027,71.72222618101118,25.759716942983435,4
726b795e-286e-4f96-94a6-d573dd96ef21,655,40.81669912461412,45.57460683948244,78.05440370569714,95.06348358960727,0
c41746a9-59f6-4adf-8b0e-c7faafb9dd13,421,99.50138879847496,96.67022077958768,62.20919297993645,20.313712056845347,4
a03461e6-77d3-46ca-ab5a-befd6f411ab4,856,83.03014602418804,62.39058001972022,71.2647098033679,65.25538048834805,8
d0e3393b-65d5-429d-90e6-ec6b6702d449,438,46.014218860289866,88.26603059172452,21.439226767718587,9.4358627273309,3
1efe8432-add6-438d-a399-1938dc5a7b4b,267,85.70213527331447,8.648956205804591,34.09775734584042,38.25041025190468,10
ebc0549e-1264-4299-a858-1972e77e6be3,193,67.34761669808603,67.87575024100909,84.43481854272208,24.327043130905118,10
62b31cef-bb69-4903-a5d4-15269cbea54d,428,76.34721402101938,87.70774015264263,15.731893662281404,33.186789082807685,1
41b8c0bf-e491-4c11-a0c7-dc7eeedbc0ef,887,96.94051269252954,39.43701036090841,26.990917967440907,82.82916012295159,0
b20d711c-c5b6-44ea-a970-00f66adeb818,109,81.15958473700506,60.337521866886135,52.1669616732218,20.56965417500456,5
f797ee66-318f-42b3-9d41-e241eed5606c,tjrx,63.44258647040629,55.51149703002613,38.49615446479717,66.02295581569233,7
267e81db-5fa4-4cef-aecd-2af573d0a7bc,382,81.56470447472887,30.223270562965297,16.25386111741517,29.78972920495222,3
643fa485-16bb-4d03-947f-927d676776b6,339,66.28741550451647,85.62575933059102,67.29446264257092,11.71667824727447,6
06d3a939-dd08-4ada-a20f-13e4b7580d39,cqct,53.33615756455876,64.52546111860876,57.199036999914696,8.228487661975114,9
bf6a52c8-a755-4154-8f39-497f309ccb12,cimt,29.064095336367977,11.998947136915127,13.176435831480294,97.0634905626713,10
1e66e521-6708-4036-b712-7d346220f18e,967,54.354837044697945,20.826777959969423,6.78027768588202,45.28677527071925,10
78f3ae29-47f0-4d51-b054-091856f1855b,459,51.31864166950172,0.7202555628596619,41.78284851536029,93.51033245610743,7
fef1d67c-f9a6-40b7-9fb8-d495f5dc2ef8,320,22.74111210694143,32.02791873626924,21.41340180865162,39.1120606182823,5
fec8ee03-12d2-4531-83c1-71fa91773e70,366,60.16639040255356,90.28058984026616,78.85691277924316,7.458060755513241,9
721d9555-c623-4db2-89f0-e89647107d27,kxyA,50.2105008969708,52.26185252083433,43.6780407349173,42.64107779056282,3
cff4f8d4-602f-459b-b69d-768ef0c19040,29,67.81617613398822,33.03745563833213,27.60326102180918,50.97348693012963,8
a85a0694-b6a9-4626-86fc-78cfcd9f440a,395,95.5144993896916,2.7118312578189974,96.98441493141507,92.46441854116397,8
f993aa0e-ee13-4eca-b9e9-ea48c96d0544,98,49.33026039829355,94.66917244245758,58.287676900442754,55.96936816821692,8
b447b4e7-d392-4a2c-8acf-fb4a065f8453,942,50.81746658646082,18.46172694100252,93.72204875075371,80.691143230338,4
bf400c7d-63f9-4234-8756-7921bf7879f3,911,1.974514735969668,18.83152419279811,45.27399757542996,3.7706743084611416,0
2157513b-2c0f-4d0f-8532-72392fa5939c,iqkv,30.180577635433647,73.63721517389463,26.424034813995945,52.891651835110295,8
2ada6dd9-3aec-4da6-a3ff-7df6e550ee68,41,16.544201735488862,45.04826895979661,45.06708780498361,86.78923887252466,8
c83971ad-361e-49ad-bcae-fcb68d2cbad2,210,79.90678446062734,2.9110935035971064,90.78082250085195,55.528476493354304,8
7b6bc6b7-2d57-4b29-ba39-63c75f5fa955,854,50.735842554834456,40.236823646535335,73.67729859257386,74.95719515385845,10
ef422630-1721-4e64-8a36-a325ee04f0c3,98,68.78150577365622,73.04307061189184,36.80749423980999,1.620846980207602,7
a2ab2f29-d0d3-4a55-8c5e-1e41162cb5f3,697,13.349587028276613,16.117213126081186,15.790215680693256,53.0173376305805,7
82059bac-c5d6-4778-bf26-6996bac6a892,173,11.114246267090875,72.97632607053022,28.54054266659741,5.538380393313213,1
b466db3d-9c43-4618-a906-5da96baf08c4,938,76.02699346458962,89.7397675459764,62.201695815887206,68.50534433004698,4
60f15066-1512-4873-9308-6a04ca5aa7cb,163,50.74727469247971,46.02145053922101,53.73581565686383,37.07835841963322,10
d80dec8a-09e6-48eb-8fe4-2758094372d7,793,38.71961157331397,85.86790735460852,17.237796176248278,85.67410604654054,8
ed71174a-1a7d-4d4f-930b-f49ed96f6074,775,51.928974342278366,51.41917500738954,59.13295026783515,43.741978538627,6
ebf02b50-24f8-456b-ba25-8420f00c1417,fSwg,97.36554603643413,17.3529467443409,79.40859914525598,77.99629596478727,4
e9738c8a-593c-41d6-b5c1-ea8c9a758588,934,99.36272380564984,49.48648452730936,43.48750686252038,28.84805044709665,9
16f0a78b-e7c4-41b4-88f4-dd29cea71d23,384,86.99185255294913,0.7981193263256414,82.73010004271119,48.11594558891412,4
a3ff8918-700c-4ba6-b07d-e3855b986957,869,84.61782920220881,40.38169161583917,24.417428836899813,31.33379738979557,1
3c0830e2-2a5e-4781-91ff-e6621063f0ed,689,87.62704751026472,53.834980804367305,74.8070783532566,24.9716183418381,5
13853077-cbbb-4f3d-9511-49b895a54b82,219,37.187064702673744,64.01545614352135,1.2153071468331555,68.01059514546122,1
6cc385ea-bbaf-4b6d-907c-28fb0ef07548,280,70.43731469531782,64.13897798269672,81.7513431603881,59.72566695135517,0
70538ad8-a3fe-443e-8ba1-d763f16af1eb,ltzq,62.80633812429727,37.16858749676442,41.84415590496988,82.51939341115437,2
79523d0d-b5b2-41be-a3c6-11cbb9462215,256,7.784677873294776,89.61137233389407,29.99731274762041,61.01742097140769,7
3d7b558b-544e-45ad-9ba0-70ad0ebcaeef,LkkY,52.94780793708465,31.015949883697317,0.0503814339385955,88.4928841541809,1
d171df55-69a6-4ac3-a574-c83e49825b64,978,31.17928990261487,52.48814181614153,73.58809794601686,80.70820503129865,5
9e433717-759e-4b74-b8db-56ec15d0e70e,551,82.28545413538274,29.770347019802813,16.582421664312687,94.4097421240036,9
56f27b3c-ec23-49bd-b6a6-755a0a14af4d,729,87.73827016319815,92.24465557132235,44.09916928059315,62.73096487633908,4
af46b4b4-12cb-4a44-a3c4-ee10807ba847,45,81.44553436277077,52.16350425408084,26.71195141837377,82.80976953614288,0
451435f7-7403-40be-81a5-bd7640049377,952,14.527430961245692,79.29620161258416,53.091115886404125,66.64998830025361,2
3eee52c5-6ca0-4ed8-970c-ec197722ab52,126,95.4565745349462,94.59493356330373,16.578152514665312,23.09209556090985,4
7496bca3-5baa-4b61-9446-5c7e0f0253f8,339,73.59318856259898,93.51942808343566,32.32941702851466,80.47795035474545,2
6da5d2b3-3dd3-4b09-b51e-3574193f5639,74,9.449752881976636,37.48927636093239,9.055875407108516,11.178203709618128,3
7f4b56be-d836-4996-83b8-14bfdeff434b,798,53.55280263865002,65.30084697848763,41.24978286229904,91.52975711904335,4
95a6ca90-b903-45e4-8459-d8d99d3b849c,595,32.84101845270148,29.1587857909972,10.033931147679152,2.9025980807436347,1
a55167c8-7167-487f-b432-e00be0f41af2,orvn,47.52834461991549,22.343924608199934,14.70489445181683,93.38144546252276,10
d1ada17a-9ade-47cf-8cfa-6d191877d3b8,290,41.79478532093399,87.72283710222673,82.1745317685065,83.19988177030149,5
04131fd8-cd75-4d84-a986-863eaf931292,773,39.08597441586936,32.99000355156012,93.864358785909,69.23165321798416,10
1a5fc35e-7284-4aac-a5c9-0863579ff195,iaIk,18.45632876196248,55.73692275647117,37.136917289107885,57.50032197781648,4
2ff4c438-16a4-4140-bbc5-7dcbed7f9da3,84,18.89039379583678,98.77406347964894,15.131578875461903,29.59991995501901,10
8132f532-41ab-4861-beeb-63f94c547851,ulac,18.91792493601996,56.22419441433524,35.78838900013523,69.30909992646744,6
ffd63c62-1551-438b-85d9-2ed86afab74d,34,36.615864566413634,89.66117019882314,0.0748433020268501,0.5910343375636895,2
29de03ea-8afb-40b4-9c7e-2ac1f06bf600,egab,1.2201334812782738,33.29635190237576,14.655599944572394,6.393469342724467,0
cf2c92e3-2c98-450c-be8c-9cdb7cc21daa,317,11.006711097185883,11.179490813297832,87.8445663745202,8.965074984583321,1
0f2420aa-ab39-4b11-882f-d477d8b864b9,626,78.63972170280815,62.89852077024384,27.88275477671589,52.70803475482248,4
277f1974-e171-4338-b44f-4a7efebadd11,672,15.373479111852062,74.69731666593829,81.82433835234632,47.48104202728474,1
152ec75e-8235-4095-9606-c564ba471647,877,77.17588718525813,12.92930056283288,28.94486237839996,22.705536783141746,3
89f01c6d-cd1f-498b-8399-a3d758f00fe2,954,62.50420930443331,88.36641632134373,18.02143391261296,83.2242437035511,9
a5967302-33b6-46f2-a223-1d7c64fca5fb,831,5.509821214062227,11.128608552310215,93.6183817174403,80.79625500466948,0
25062fe9-f961-43db-bede-dfb3c0efdb9d,519,59.86263095393747,36.4335421261876,84.37686983422243,30.76471138031312,7
a3fecf60-59a9-45fb-8bd5-7689526d12fb,rbsd,12.074246373964693,27.528785969941094,52.85045685001472,21.485922953041737,1
9612876d-2b66-4367-a907-dd60daa63134,374,0.3879603439957857,65.34647876251447,12.389441499867292,74.54838452114831,4
d3a18edb-aa30-425a-8fdb-4252f7bb83f0,558,56.76241446886712,60.09751055948237,82.30302009859774,88.97349435633559,4
90be6efa-5ed7-4435-9c44-1e86a8e6148f,340,43.063455934794845,27.57085475781943,70.99050345708827,99.67633522553218,7
03b8f4b4-7c5b-4265-8f79-8800fc6f0da0,wsjz,18.05814342984903,95.60482725974477,42.8782595492455,73.97520358470149,2
4f11f867-197a-476b-9903-1cba44c039dd,850,32.27593671111097,64.48255056690161,1.61374010866151,76.0134879884033,2
2f898ce3-12ab-4b7b-a134-0682502b47f4,mbcw,37.42891889544975,19.04408055240695,26.40161893095995,24.65521340106659,0
6d1afd02-9c58-4bf3-bc99-a9d57aedf6a0,832,71.7349388879869,7.5587530057878,96.41796442767964,83.70245697013551,1
19979555-005b-47bb-ad7a-b5f3212cee1c,231,47.77929174002622,43.40499367622618,8.911979633167743,73.04798465202458,4
07ded349-28fd-4187-992f-b095ca7c2ac1,150,86.26343794745075,21.03880012812069,44.802423773753496,51.41734957246473,3
4a624390-130f-4b61-a284-e5486c3abc2d,794,67.6859707219712,60.08703755549608,83.12661587641499,77.16485369786298,6
d8c3763f-3dbb-47c3-8c0e-d4214a6e3940,662,98.49898524717776,81.5671140972142,75.33522297800198,82.792694580618,0
0a3951b8-6893-4b03-a6b4-5ac6099601bd,18,88.47392426066384,64.55902198232789,41.94585710527809,74.9689535369358,10
9b7be662-31a7-4cb4-a163-d06ad032a20c,113,18.655934323651856,21.989260198097384,2.0184125624206684,75.79806897117562,6
04eda936-e1eb-423b-b185-55d9e0982e91,73,94.16453656955858,44.05811323942619,53.63940537882977,93.34264275861206,8
697643cc-3a6b-4e0c-82b4-840523d209ea,836,95.28369347074022,54.77079063991439,85.6512632833755,31.24196985308586,4
53002710-4e27-4bdd-aa10-b0c4411071e7,692,31.85107138503135,21.2736786039589,85.80198059247186,23.21960524333268,7
80398cf0-2178-4fb1-be34-ee9a0dad6d13,68,38.14445456053783,81.52552169454307,29.874444106540498,99.76470962047544,8
40946852-711d-4fa9-afb9-7cf618fb7ba2,878,98.86741445165067,15.132698461645456,92.14731371464654,66.92857262686019,9
e2c7bf7a-a01e-46c1-99df-85f129df6e94,419,98.90479866419456,49.93492800992881,59.83867521107943,9.820672976077097,10
4eb72410-7d07-4d8a-8fe3-e7cb67d572ba,999,8.871082661269936,17.531635740897233,17.89103515165885,86.92983380728876,9
fc641003-8d9a-42b3-97c4-474def95dddd,121,41.91496741237391,93.79362368271158,15.138777489006616,15.287911634306328,2
e23a4be2-e7b3-4b24-a05f-29436c96f938,623,77.47380166415233,27.253567384668436,73.85906794154198,83.44883993091167,6
f0f6c8cb-0507-4ce8-8697-1dcad00b004e,918,51.89612475205655,87.44306365872004,26.478194149962462,25.5421037163826,4
ad792d08-adee-4ad9-8dcf-b54a1302efde,385,28.040924276677647,10.565551068379463,56.998808638737806,10.62239772482576,7
c46c7da1-ca8c-4c4f-a43f-fd39aacd4b4a,b,57.40365578012423,60.45076010755628,17.514007569890722,99.27223016052032,9
517cfc86-b034-4424-a7fa-eeb360192098,pwqt,16.949733232752827,56.91843143852851,16.16086379078341,1.3574771911892158,7
263d9b10-163e-41eb-9e6f-d1b7443ab90f,971,81.96465829903924,80.20294107890932,7.488830869718432,13.128837104850122,4
fc9624e2-999e-49f6-82ad-532eacd6b304,888,46.95592011308669,54.601669510945264,52.18862434702836,63.09587852770272,6
85420e8c-a0ca-46b0-98f7-fdb6a640254e,407,63.18525337610388,51.91006844501883,41.38339203911503,59.4206829470666,9
b2ef7e2b-8f19-4a82-b24a-13e56f37804e,980,56.39434485464616,38.4144477969636,31.11096273803125,56.58041171342432,1
a16b0b32-645f-43d3-aae7-e7d997e614d5,zvus,45.57202333772691,57.526420815812685,33.97950143869419,44.65991696597133,9
6a5da068-2d72-4d1b-81a9-cb8330d7a2d1,181,89.20770150050137,22.29826775727718,37.92821865927722,62.81849618324227,3
60aae06e-33b3-4795-bf7c-db8ff0797504,658,37.955745730814186,92.82945298176476,49.306395400054924,16.45681251962405,3
0379cd00-45dc-410e-b525-3efccc5145c6,74,62.25195116479628,40.46052263906324,56.831624243225775,34.765863925474406,6
520cbd26-79b6-4045-b477-aafe4df8b730,862,57.6020450286767,34.93502452421201,54.86108006206777,41.75490817510599,5
f37f6f93-4aba-4350-8bd2-1262e51d7a85,199,94.64120668418192,60.151907805127024,1.0663020638095655,21.59786831114474,2
807d760a-c76e-4fdf-8444-8cab3f5fc89b,gast,39.90947000586541,71.22194726790767,63.31705546965948,10.987851800461767,9
e90e5e3b-6f04-488b-b251-49ad6856683c,741,23.170646044621424,42.98571059626344,79.87488195215417,18.87645619162217,4
361177fa-9da6-46ad-b19f-8a48148c1dc4,105,96.15773321890028,65.14358010147097,63.56369116115098,60.58669235596517,9
6bc8a989-8fc2-4fb2-b774-dc6b4b890a09,676,40.86067696346012,10.400406157837203,78.13265410361734,25.8975182811844,2
c3477b3c-0378-4cbe-85da-4284461698a3,pHky,90.08747745390563,54.16745602942138,47.12043440889408,11.1500158279229,3
3f10ebcf-f6aa-41c5-860c-3e9321ed711e,986,0.9601067338130376,23.674838841117698,22.041066070326156,26.367815364357973,7
c30299d3-9a05-407e-b439-125aad59bc25,86,96.30022699781271,35.9677234642454,68.8729730074692,21.59260744379088,4
c267a628-428d-464d-aa21-f89d900e491a,bxwh,78.14756981425177,46.26049335356589,9.40516496132917,3.482959178921652,8
6b972f20-377a-495b-aeb5-7d35ec7d60f4,586,1.2280639601257135,27.387091865098345,66.35014250425361,88.72264306337824,0
48874b31-ab3e-49c9-827e-aa93e763e485,ajue,78.3837857657166,11.635022054322176,72.25243757572912,93.5503831454874,0
d62826bb-e6c6-49c5-a3b1-8151bfc86319,xaxw,38.41869746305141,44.947802512758415,93.10556746292724,12.628453881214474,2
7617c988-3283-4e96-8c43-538e787f38c3,254,22.78991117563458,7.607578588382302,28.815432180697275,28.993537622239074,2
7e407379-163b-4f28-b32f-2d8d61ef2505,442,66.69402133577086,49.57720398561077,79.82123413240376,95.19355228326393,8
6edf86e1-2cb8-42a9-8749-eb9e864628fb,35,10.248695572984667,38.792259564136536,65.92163067720669,32.06807864886096,3
03ecaf2b-aa9c-4965-9d11-f770c3a33d3e,rjdm,43.7207854780248,42.90523876848431,27.61233405533008,90.66282632771158,7
846993a1-73fb-4882-aaf3-2743d9ef942c,841,0.7619397238971426,4.743157897715722,62.43363028695339,67.31231341640525,7
4461c24d-191d-421f-88c7-d71114a73941,888,92.67143593033823,97.05520655748748,55.51401641668225,26.502635947397124,1
f457a7e7-4ae8-4dd5-9eff-c4d99d25b0c2,941,25.283406137408804,15.288215778425274,21.79154032237619,30.431642976429,0
ecf6c6d2-b3d5-405b-a196-d7ffc5b21b16,10,82.86379530272772,7.685500566797421,2.7988577629024403,0.2640225772093885,4
e1affd3b-3453-466c-97f1-a0e3bc7668e4,937,20.45838498904725,38.28644514767448,13.42568573430275,35.58376644774125,2
36a1efba-db7a-405e-b607-c5043142184f,owbj,16.69242330084362,77.72354440231013,84.14118843707955,87.94856965068735,0
aa8c4481-baf1-463e-b9a4-155e3f2d6657,769,73.47906553080604,96.39035890184547,51.18632847003995,6.025775034049385,9
ed9367f2-cf6f-465f-9216-eac4d0dce853,537,67.64850284284047,6.070218655642268,54.26784534737875,33.360564594093866,4
5d2666d9-2ed6-4b31-b3f3-13d54edf7444,717,55.97739713902662,78.54303846218201,97.72614554549244,64.5884260970239,3
b5325739-016d-4943-a57b-6d66d4e09796,wbRG,92.13867270015024,4.459363581582554,50.658479794564094,23.885813050517434,7
d9f77fc4-de3a-4ae8-8068-c9b5903b1c0f,588,1.4128886927007756,4.149961739594321,69.66257110284359,57.91727799083504,3
af5583da-96c4-422a-b843-d75eb204d4e0,336,13.80620581953026,29.928338778464926,92.5771596493284,0.1657085058044405,7
3c84315c-0587-4d9d-9e25-7ed5728f070e,919,86.37100314605587,97.98895998377331,64.44369707654523,56.11344004422446,4
f6c56cb5-b179-44e6-ad00-86d3642be87e,skiz,90.104171690666,17.59735515281934,70.34414122115147,82.48894530281383,6
001f0988-ea5a-4ae0-8160-40875aa69981,761,42.89139536049412,27.234887553871516,9.925455244393069,12.381451072706229,7
73bb2ae4-ab2e-436e-9a57-d17716c29802,ikgQ,7.519355266701999,5.722693273890533,79.5725831282089,54.65922935145298,7
834b53ce-7efc-4d6b-b0d0-e8e09bbb0c15,887,15.48851709524881,16.546513751498757,39.55589515414266,83.1226328722765,5
d5666c4a-8a37-47db-91fb-5876e6edf996,358,4.447182716526388,34.286762721873906,77.9663807082958,48.66769947302735,2
7eba9e0f-7bac-4292-8daa-cd7e016e6ba3,52,14.458943127096193,80.62701785076948,42.7447158106231,76.35922389540698,5
6da68f7a-b602-4571-92a7-5b73dd76972d,158,50.84706248380965,62.21895243491918,68.14372692602926,28.5471283138781,10
b74bd545-843a-4b6d-a707-e914048b997f,796,42.401887172945344,70.4985735844721,58.46685881142544,58.96917597815686,4
4a5ebaad-9e8b-4c04-97c5-9d4502b23740,812,29.948896247929333,96.47145093596144,40.29983153974162,52.51799733299297,5
ff8e6682-cfe5-4389-b25a-e4668a81b471,5,73.5640829196921,59.66053019444602,39.48493652385394,92.54108566807858,2
c2ea5493-e5eb-4011-b7f0-ce124603aa63,456,64.03710157567599,56.763099537492,97.42741402133667,86.59111624162983,9
aaa2c0ee-fd01-4ffc-bc60-11884cf2b9ef,5,83.94030579219293,51.52648788394599,52.58324009022294,43.91422569115851,10
d9bdc971-96ec-424f-97ef-1251f0d08a3e,254,63.51416994929542,12.378009031324932,79.14035006004248,13.89183665510444,3
2166ff2c-2168-402c-9541-97fdff9bb7ec,M,35.73042966047177,3.603672427051052,94.67259599236674,30.78608254516234,7
146f1202-9fb5-4173-b9d6-f76fe18d2da0,586,19.043468151672894,42.75417541468429,94.28772400531012,30.212818870160092,7
8698e35c-df74-4d26-b1af-ba726ca387db,768,47.92639237564343,51.86944917932885,50.57020924624332,92.5211453599249,8
08bb7624-2429-4339-962b-4281ea2d6a20,642,52.6533041436787,93.3907090340749,1.2503878299453652,80.97059733803547,6
bb8c8715-005e-409a-b7fb-9e84c4c5cec5,411,35.662751482302234,66.7077291328799,51.17898093266881,39.239380670714205,9
a382e205-174a-45b3-a814-5f7b97c494ad,730,75.83388301875344,46.572386774175975,9.458197926050127,54.06654540583108,5
e6e97511-dc36-4588-bbdd-b43df67111ab,620,25.936524982508125,60.1538601238069,53.87645289577652,79.79293018622555,10
14e67267-b923-49a8-b51d-0b2babc26eb5,701,80.52893495832191,40.78824096735433,71.89781990034831,8.243448797006437,4
16e71332-dfbc-4295-b6e5-11a89326b656,748,2.040023151356618,10.485129856783049,87.0898245463242,39.20482623141073,9
bb289d56-f36b-41db-b0d2-201fa90641ca,qbeh,35.004987246386854,82.97974865644858,14.222649030046174,6.726527386641878,6
ff940fc5-b0b3-4d65-9d74-7fce96f637f8,256,71.63959854399847,75.82031646826044,77.94799818437525,62.05159231364361,7
5072a545-336f-4819-8ac5-18b95614020d,364,36.28048412420767,13.036841540813317,87.10990493508768,17.828538423083195,2
0184a481-1bca-469e-8064-4a416bec5f60,376,72.50068963887246,54.41480877697447,86.55100953644356,35.283832632132025,1
5aa687a6-fc85-400d-88cb-7003c671c232,440,89.75107498227544,93.835067707082,0.3516085714330375,74.82428841595689,8
f609267a-c14f-47fe-932a-f041974a4783,eatz,84.61043839048271,81.3779055848521,2.459854096359737,68.03075182877681,4
33f93a3d-7ea1-4f80-b307-66ca359654bb,371,1.944489602820254,20.786859043152884,88.23677622892387,10.591287548373971,6
dbd10704-a576-48af-860e-d8e685f870fe,uirv,79.71524684952207,94.02839150428028,27.308225737498127,27.483448924702905,6
3c98185a-62a6-4397-a33c-f35fe2cc2f77,277,3.2117297571047643,48.850087390877285,84.48731988683436,69.35125378872243,2
52d48a63-7f37-47bd-830c-bd917671bc5f,982,10.084359167236844,33.654730324330664,30.067054940058316,81.16588045446287,6
95bf01b6-9d5e-4d96-9a40-223063fb313b,heSq,62.86216350749236,77.26683069644625,93.23705465811643,79.1045173791432,1
f89edf23-d415-4acd-a1b1-ae38ec6712e2,772,53.95475376943884,67.12832200575025,49.93724531919867,42.47738167310183,5
624746a4-d3bc-4611-a48a-8a3dd890de0b,337,5.471714371569347,93.60550780611044,85.68291398631654,74.86043200506525,5
995b4362-32ad-4933-a815-95e41682333b,lEax,9.88868095024934,97.14339443788958,81.62983938530886,72.97757965405485,7
28d15c09-10a5-4898-b441-acf0c3c5f593,465,19.29535619815077,25.674684098211586,49.19080977077635,19.49543211734716,4
adae05d6-c1c3-444b-857c-b8aa751ad0f9,392,39.10643615721591,27.01932745894908,56.969450461304994,91.27285038569906,4
4b7b4cc7-fd57-4fe3-8699-254b96ad92e9,381,24.95637302610369,68.22853634866142,26.39054982707369,52.7532809229136,8
6e601853-7b85-48f6-b696-a3094016c5e1,656,93.96010335955724,24.989834540500038,66.24535785630714,59.26954732929249,5
d9c65c69-4a07-487e-8d97-752af85c1ebf,467,36.70619352931416,38.24626707170017,23.30438409486916,56.00523053942212,1
a3f79fd2-22b1-4cd3-a9ff-7f42ca71a2a8,54,83.56996456583575,4.19788780434065,73.69898808136567,27.956384703094493,5
d712f6e0-319b-4233-bde9-08b879a2f3ab,918,85.53012362449121,38.34665642902265,99.76444814419447,0.8270732619288346,8
a7b0978d-1f78-441f-91ee-beb16f98b3d2,552,86.01085057083138,67.29759846718024,69.19759570968289,35.61568903004139,1
b06efe28-507f-4462-87fd-2a73d330f129,901,0.9912533898453368,53.2060876371274,55.36770762929878,38.27773401412432,10
8f12e54f-a89d-46f6-be62-c70463c9ad9c,632,62.8331014290742,61.92621154892222,24.625138326198183,75.77569532330772,4
44c97476-40da-4855-acb2-754bb998e9be,484,23.03212305611781,32.45942512718059,98.69401409246652,24.58592331088959,1
99ac06d5-9558-41bb-9d5a-5a1b0bb1f77b,627,13.805594797574782,34.946840124578515,58.31860128265398,53.82179046254776,8
4dbfec62-db26-4ad3-897a-8e73ee7082fd,4,91.07707421460884,4.065451248471375,32.164825887387025,78.30041521100884,1
0789b353-40ed-4aff-9dcc-ddb7840a06de,950,98.64805379660017,91.86091604032234,56.87602555241866,61.87297865192847,0
2a5d0953-4bd8-4834-9b00-7be857de514b,Xmoh,81.26046117484177,36.1144999947704,11.301637413594513,23.33422244393334,5
87e4ec77-3303-4212-9499-4de53086959e,390,6.910072757663455,20.8304428851234,9.033608718189502,39.1046928881166,5
e7f262bb-33db-436a-895a-aa218c71c4ec,219,61.3585411348912,63.847047641086505,14.00986664632986,70.94026320301087,7
ebad621e-bcd9-454a-9101-43a578db1be3,556,34.93427598408072,59.56116987951196,16.650976571645227,67.14776963666151,1
257d3968-b6e1-46e2-ad18-80ecfc7f5d76,498,50.14259322786892,24.9470839139317,86.9581635070739,38.989899769112725,5
aa7aa6db-c148-42fe-a5d6-cf35ad6ff5e3,lzcd,67.12737575819312,37.30321532133228,52.505465709219365,89.17365083474171,1
ec6ae8fc-a422-497d-8a47-a49a094dc26c,446,39.551762564075446,53.69395859737159,35.5237329550904,39.55277636244388,5
59c0365f-41ac-4c44-bb46-2930a3959765,185,17.589289123376993,50.73419803598613,1.5125573541873605,6.780921598893652,8
feff6a5a-1fb3-4b6a-8d65-c3b19b082db9,qfnu,25.19570517569659,66.45617233868487,67.42970777625553,54.72949860299029,3
6550df9f-8821-4267-a66f-d1c2131cf508,ihjj,52.75550297218359,47.7014373268538,50.685407800908486,7.619941257415109,5
5ab4b79f-f4a0-495b-987a-19cb21d45eab,149,1.0185628666193105,60.80200946751827,43.99584032352181,53.493928218302365,10
c177f1f0-24d5-4441-b1d5-13a69c04bb35,839,74.55231362736413,73.75811756149017,8.38458452907661,92.19650988924872,5
55658827-fc65-4258-a2c1-b22e433f816e,418,33.51538267061483,21.57056285926765,16.456262265936083,41.97341004168811,2
a5a369a5-9087-4b78-aa2e-0693edcc3652,827,99.79081757065352,63.046842341622686,61.78251644039512,8.329287477722913,7
5447dd57-dbf1-40d7-91e6-7d0690c4b4e5,ikhq,1.1313442444249366,45.79642655292867,7.056751890244595,50.38735071505813,0
9483a319-6291-49e8-9ad7-f00baa9dafc6,973,83.98882489155255,58.07180055133414,33.4346230923756,23.30366634706304,9
539d088d-3995-42c6-9e29-423df2d3c7fe,hamf,97.41984983976825,91.15429497433269,54.06164342107339,10.44714869916229,8
f1dcbe45-c064-4248-a295-926feba72e45,316,5.696290158528628,91.49910167418749,29.04379470815164,76.96512470015813,7
3cde72d3-873b-4248-852a-4f5e309d7cee,26,68.36387862245887,68.96894148409471,20.3645503522746,87.30948508820232,5
59d252a8-1b80-4752-aad3-f192c4154d02,777,89.73946338176445,4.373726015770519,60.575775901589104,57.0039910832508,8
a50bd9f9-1b43-437c-98c8-2e0b3cee42f9,206,9.45695181636359,40.914274278938464,39.78651530551528,43.148838905406194,2
ced529ee-c3ae-4582-bdc2-de5ae78a6c6b,toqv,95.98230772709093,76.47159695011354,73.74558870281446,79.38786875992264,5
d4395425-e508-4bfd-bb04-9bed887a9457,863,60.14086916471311,21.944593581494665,56.54522204034893,36.662753082221165,4
dfa0f92f-bedf-4b44-8b93-b8aa96968767,aunn,98.27600484141315,56.19725309992423,13.929224241883054,24.244649958450083,3
20b3786a-fbab-4ca7-9a73-8a26176b6d0b,961,68.87199298610322,50.697663719244055,94.48646784100072,22.518698693532254,7
ec5e9f4d-7f25-4197-ac18-3d181e47a725,61,61.359730014765255,13.356826290905888,59.97935076582335,52.463351243078336,5
6765f9e0-eb94-46ef-a584-9190b487a0db,195,5.161624831461243,90.1223109600414,14.52593050070382,31.26206543743724,3
4086bc1d-8f88-4187-8ae6-89f6b1b1eff2,646,37.65049220180895,25.964268997297975,27.56759923665859,83.59881354357714,2
009aebf7-aff7-442b-99ac-ba6015f37341,8,18.88275912940556,48.20155354507318,87.37686706933283,88.53959361248204,9
2977e92b-4a7b-41c5-aaea-a0134e5a6471,qn,52.18019289574924,80.54067831744133,64.56142697505341,53.35073024146294,6
a2ba742a-5ee6-4777-8625-d2499d0cc239,tmek,46.4604728407716,28.02591217661329,45.6467046855245,71.47801293609864,0
6f18a76a-81da-42e2-8e53-cfc06339ba48,808,17.123714742732478,75.29578011356367,13.514659077828084,41.60152478329806,0
bd8b4953-3ba3-46ea-b5b2-91280c59e31c,776,31.0710300755032,62.7014194496644,97.928868602265,39.65542398014185,3
d1b645c9-9fb6-4fd7-b6b5-7463a148a191,109,94.71957062189234,45.060680555922026,79.32366539755594,78.32338655345771,8
71fe084e-8c56-4041-9c05-3e1f958a924f,ltTi,90.09432836093416,87.00700956237091,33.7416944899647,53.69115364167057,10
15ddb3e0-c934-4487-aaf9-30ef7ddc239b,838,26.436186017448428,23.068805523095936,68.01048025158254,70.01165118737451,0
0886db82-660c-43f1-b9c5-dabc333e4486,htlu,46.46044923111151,98.52517735863496,57.28217429828831,82.20168243679464,2
c9662ad4-9d66-46ea-ad34-3ab130b3d636,pvem,47.17535071524127,32.9571665985927,75.05687145863126,45.70093163169906,8
6cbc709d-8582-47ad-b1fa-da7a3fb72868,529,59.74691989461064,41.68249306506707,56.40082514089045,36.04097169062336,3
65136969-7f30-443a-8464-d50254585314,922,91.7371616115602,6.854063863216364,65.4716458988262,11.134146662765245,6
4299ca4a-81de-425e-82da-b8956ca15241,660,64.04790636492365,9.987396239351163,48.8864796107086,87.84405669149396,6
4cc4cbb2-cf76-4eb4-bd84-374b017ed099,47,18.31238064909364,28.545655607727493,78.2148094699267,9.783049678998369,7
d9df064d-0f86-4542-8fc0-73b0cad17c49,618,51.76477810687416,28.12552518442312,73.73589653693314,27.8005357690432,5
d1c2fe9c-6a16-43b5-ac3b-bb2242c0385e,165,44.450367223901154,32.31314102250702,93.09041944955706,15.515673542422435,3
ea93e706-f9df-4951-a856-88c33044ebf6,77,45.000771285860566,20.22898559202819,70.91735269417354,48.057445614506776,2
7993ed9c-4f57-4596-a195-74910bbfbe1f,447,38.70916135789402,6.445559862941252,71.49199923701163,58.897726859390296,2
eb7a75df-49e9-4c6e-9e73-18b02a2dc84c,41,40.15425037588196,90.69500971881304,92.11507038204554,57.152553498766224,8
ae4d4b5b-55e6-4fc1-b732-91b76c579768,919,39.46851348831368,17.20954918985783,80.2995749449389,26.11459338735831,7
7edfe742-9f09-41dc-8594-447858767c18,608,89.38360851189128,11.800406608133784,37.72677916869996,57.08574853117865,6
4ec6de6d-e7d6-4e10-a13d-1ae352487229,920,1.232893819327452,26.713811617540493,59.01810368615307,59.80923614259977,0
3ac4263c-22b8-4bdd-887d-342bca5c7863,836,52.0187815753325,64.98296431768226,9.419598540242092,89.90881963342892,6
77014689-536c-455b-b5d0-013028508946,407,46.01682079948011,49.544296061827296,85.25532931401662,25.848489819774144,4
b8e9f418-8718-421b-8b2b-8cb09b1c93bf,635,9.538981364974733,47.47557418956497,96.59059529251525,27.334259442853416,0
c78998b0-de18-4b96-a5f4-99b1e3e0ce48,klac,12.25059333430396,58.373430886049405,25.581083889647328,40.618214883915,10
8313b5cf-32c1-4fb6-9eaa-d4cbf913e054,965,20.48793593258026,84.5802164232788,16.811057307075895,91.05927864428584,8
444f7001-d820-4249-b29e-6c93fc7122da,10,46.5720915449783,0.6241740310512278,27.720154721928424,25.22475225633101,2
b6f01c21-11d4-4a1f-9f29-90e9352cf62e,74,55.36794581495364,24.76163767775913,66.67910180821104,40.64773337967596,3
963c4acb-c28d-4db9-9397-3844174e85c9,871,86.44005100019757,82.42233989806066,72.24530240714738,98.54528276532444,2
a0357789-2f73-45c9-a07f-9f5f768fa73d,126,18.633357134776062,82.320227062093,48.90098048383399,23.464427729060976,5
cc19b348-677e-4d83-9305-84ab9bc5f1d7,509,23.99602716620981,88.53474803572999,35.17631735775461,93.7160145962366,9
bb75f6e4-1f4d-4db7-9bd0-bda37e2294fb,511,76.77713484075886,70.8636477810651,33.786490440682385,29.91752782234942,2
56c29b16-4c8d-4dab-a750-3d78f4f19577,0,34.60601318671206,7.288165326986007,48.390891294855095,52.48002823286365,3
3c39ab76-8bef-4a6b-9657-1b9a65fe6404,172,25.32087277396924,80.58311333837081,4.329748323132055,61.859699011933166,8
f0515def-3538-442f-8930-553994288a50,pdec,37.37543407016531,96.8339842771495,41.056193959472445,37.475205778828325,2
9b8ad826-8a16-4b4f-a8ab-841e320ee841,790,7.657759638949613,66.71725167984745,66.54525211079283,28.459463709590548,1
5373e2c7-b1e9-443f-a0c4-283c70914957,414,60.10645194807622,21.327754025978194,41.009349134646456,96.28353905982635,10
308daa60-a9f2-4445-bedd-6aa729457e44,75,99.96170874389642,33.467773085331324,1.159128721619218,53.37101672109833,1
c298a274-bef7-47a8-a110-e066c1304766,368,22.86601355457044,44.9813139468741,86.61460515890444,65.95028602756737,7
1a59d77a-2eca-4982-8e8f-ab02014a7257,96,30.28065115781916,35.64321262960012,35.3625331596707,39.42263404451664,6
90034597-4026-4681-8fd7-9e961a22d9ce,wefk,55.637137315489895,64.77794936351323,80.76545318101329,95.14935049775004,0
0e573679-cd94-4a31-b11c-f95ffe22c91f,853,57.97768394749247,95.2161544100705,21.26588869403524,67.6891846695867,9
c236913d-d799-4955-b190-d834f4d11630,411,20.90654589327941,48.987729609897634,86.75268663579782,51.53181854301021,9
4a48b8ed-63c6-45c5-b2f6-d5a79727cb26,924,39.70318367298707,12.383247635350012,17.81798519749853,37.13173804349742,5
4eb0071e-56c1-4314-8ab0-d2e43da7d4d3,605,51.43956923975992,10.362318726037822,86.62349175386636,3.0298976445554016,7
a44f6ff5-af9a-4fc5-963f-f54659ce90c9,105,56.24114644819373,48.57110814966676,70.4929561751473,63.1029903884161,1
207dbe8a-5220-493f-8b9d-0b5879395d9c,62,9.340343495218306,39.98412242568546,42.7751624392504,95.58958295648888,4
0fcb04f0-222b-455c-b5c7-e3cdeb9ea548,716,45.76258207659399,12.979482417445888,17.22026016575846,12.426538237766492,5
c75fd041-2cf5-4ae7-ba62-0b8b9848de71,499,85.11495875302371,89.78263543862236,32.686377211496755,77.30465867889896,7
a0518dcf-58b0-4482-91c2-71f798c54b7b,21,84.13275475339404,70.2000062392475,56.85819804412603,17.820419174741065,3
b7b30cb8-ebf1-478c-8fc7-def94f947786,538,98.27436358824067,14.1568839879067,12.21514807939096,41.86016801929811,7
f84152f0-6245-4ecc-86ab-901393dc976a,64,0.1649960990535381,31.717209715309647,26.0829823973583,83.73722252572253,5
ff89c6f8-c34a-465d-9926-bf0ecee05c16,469,44.20476700156336,52.42426936179212,51.76533498606247,8.16727046342265,2
d35f87a3-5cf0-47b1-92c8-46ae76064767,973,78.88343835015331,32.02341196860085,79.61179277255673,34.488124868025935,3
e031a561-8794-4f1b-a36a-af3823727f55,482,72.10923830217591,32.30134386469875,76.54478374239572,64.44130617298576,5
dd8bfdc5-5eba-45a4-8235-0beec4790461,902,51.2546534204594,37.73211119693776,88.14000026631568,23.7120682566507,8
9ed94d8b-1abe-40d4-8222-5092e415e06d,201,69.70479434861949,38.91356267279546,1.3032593708911966,3.7576696583218823,1
61a887e8-7e2d-43be-bc64-d36d6e4ae04b,ycur,11.767445423128986,63.54168611027398,21.48555596976341,46.51483724015829,9
52b98b28-dcb6-476e-9dbb-a2a4d7d38bcc,501,60.91496722464075,46.4337907016548,91.29083005253312,74.9149490251408,9
d7aff608-bb39-4a84-9e33-fb5ed62cb3e9,zhXV,59.76858346155952,16.762177672682512,58.01066967281354,86.74458383333854,3
f9ce879e-59ec-4006-adeb-09d59e2223d1,42,85.81246278465812,11.363848771971664,28.39131240975088,28.2732856998038,9
acbec2e7-c03a-4ee5-92d3-78856feb3d24,999,63.1134553401818,87.97268142840154,68.69237774363064,26.585038631530544,4
6d5588b4-6ef5-4af1-a6fb-fb7275981b7b,318,94.85034529245708,23.34441573711259,90.751160084647,0.7711639149202476,0
18a53a0d-c695-4f74-8e10-2f6cde00cdec,hrqu,11.638986601105715,61.31830176098221,5.964305257431724,17.03936214477091,4
87198c1b-b493-48b4-abc3-5b6a04f6b029,957,94.77816672572928,84.35306183139507,12.851778979589968,68.85252769687443,3
feb6626b-4ded-4481-b2e8-61f9853397fb,205,45.67855126473071,71.56953315567246,63.15013289508733,63.81987573648621,7
a4b3d627-703e-494d-a0de-09d082816127,441,30.404720973401545,18.54752719523025,94.64707877599676,71.25657304070033,10
e8118d77-1697-484e-96cd-dad135845039,svvc,47.97467906401951,36.38071123735565,74.61919306862995,7.663856931845359,6
5fe569f1-d562-49f2-8670-86f2684bd212,984,2.1278413796269717,62.445325561220045,63.76328448803636,39.25892702637154,6
3290281f-3d07-47e5-b582-7b78744543b7,390,38.12551744163908,35.5212675346238,61.55819915348023,59.24840224244527,9
67b19c4a-b177-4d3d-88ca-fc1bfdda7376,604,78.03065637092803,11.899162699659072,57.01318723570782,15.363363862284295,8
e6fa3fe9-db77-43cc-8c8a-43c095dc4d4d,191,52.53039928556873,29.761945089656862,55.18382733219154,52.26519102564321,10
1e300f60-fbb1-499e-ac08-e04c28d75955,212,75.35079239961196,26.77085410859029,24.278077227050662,68.88729689407982,10
18775af4-771a-4219-8156-d7fa2c6dcaad,539,32.41466947748604,97.6431591174686,41.87549058291867,88.43722215977787,0
7d4b4766-9d05-4391-bb43-485f9948b2eb,qqbj,44.93050120354467,7.583328407169077,93.13278806539394,2.093662855290246,9
0d6a7aa4-8314-457e-9975-98e5cbfbd88f,717,54.09936558437423,94.05154306038447,48.49638738230142,45.341933407071664,6
a254542c-736d-4701-aab8-34cb3da069a0,432,27.25988257436971,94.91469186996568,55.47900402324666,27.98577632404957,5
ca34474a-c521-4c4c-9b3b-1d1a797ad7ef,731,62.114923253317066,3.0748736260573617,56.47352854575065,84.68764793153312,2
296d8965-cb6f-414e-a4bd-dd462ae8183b,952,99.2993233942206,90.58576519346492,75.20026096407982,72.02068562182524,8
670f37f2-c77d-476b-bee6-2f0188331b17,804,26.34400628145347,1.3386400250034014,34.086043038343014,15.857972974705936,3
36b3fefb-6fb4-409d-bd56-da2d6d56967e,tkfs,32.04840902456729,92.53776254610034,87.99479016802427,89.0276791054496,5
0e8f4b59-5ffb-47ae-ad45-21b14abd51fe,909,29.845058587633844,0.4783675213106853,60.0654761509004,35.47941638635219,6
53177b05-d087-4084-b321-1902ce078989,213,95.00518238258904,41.00637078423027,15.180136860269588,34.90417096124217,8
897b8b47-ffd1-4801-bbb1-d81841534e7b,799,3.762007482061902,93.58891466185418,6.246136038584038,28.7410385742912,3
c6124cc5-1945-489f-ba77-7e085c0aedca,545,92.8908695519618,15.71964883453576,27.807519057087603,64.4942149858244,1
3bc74dee-e426-4a5f-abd5-e4c739feb0a9,816,61.85924775409381,94.93159287589307,20.443866842597924,66.61636502881035,10
b8876617-1fb1-4050-9039-920f55af5e32,817,69.92117139471222,22.16489831432488,58.02612001525146,23.870426488057017,0
f0eb5e1d-f515-4b55-b0f9-b824719811d8,lhja,66.1135184873643,22.33990993633848,65.80847989078337,81.6345666030957,8
a056152b-feb2-4b2d-bb27-a5fc0b1af7aa,543,32.708831324317536,29.17474044532485,13.395544526063164,30.16818474259274,10
7f170a77-0fea-438d-b7f6-9c20d389d276,411,11.296492423111935,58.98679535301938,6.352701511565617,35.49762797491399,3
eb1c13fb-0730-4ebc-ba1b-982ca424af65,438,44.36946435888602,54.68612478718386,54.96855970665361,51.353202981103706,7
e1c109db-3895-4dd7-ba7f-e2160daf39e5,791,37.429394783843726,69.10495103343507,66.62219566206271,69.14250307569861,8
58f0b39c-2242-4bd8-aa0f-c25f1ce2b2bc,812,14.255733013792629,30.721298445590463,44.94838430204072,76.54722710308019,4
c85aebb0-d5d9-4761-a6ca-1e3d2a80ce64,213,86.64989352546793,27.175873619168843,76.26598897950065,86.23271704939317,4
d63f71b0-dfab-46cb-a359-e815e9ff4cb5,134,63.93082037048408,72.65737369858465,27.665157165521727,26.73799530413121,3
b09ec779-67af-443d-b6b8-20870d61e23e,393,1.4551994124721968,35.986723252084595,4.792062518175344,61.10495163667745,0
0232c87d-1c02-434d-a9b6-22b34b94eda1,36,1.542613995589881,82.95931327062104,0.2121186710830169,79.61467139798599,9
9dea4445-10a7-4a2d-9670-cc3835f30dcf,973,3.712539687735805,21.862208192606847,34.001629489626104,63.53841921806017,7
d9be27ea-05ac-4b16-90b2-2b7ec0969a95,765,45.91230787122288,41.76644149984128,88.97997913405214,30.237518020407663,9
d1e32e11-1cc8-4b09-ad43-bb0a25191888,714,7.355400733319795,33.3046588376971,90.57824463428562,61.70692237782984,0
47e30538-ed81-4b92-958d-a605cccb4b8b,758,94.739754939678,94.07476200729997,57.18890005658663,73.48051445264795,2
0f9738c6-3116-4dbb-867e-b7f3dfef9767,114,26.253781994765703,67.49418077907478,93.64916443009538,31.773728937203792,9
8ce8a5b6-0b7b-4688-9f3f-b73a37e33eaf,233,23.227183210131543,83.51862224552808,76.39687567261888,65.13229664669605,10
81f71548-995a-4ca1-ba6e-2bdc6f47ee87,225,55.8960995757151,29.021852520526597,87.32687290037839,77.99045282930716,2
645f58a4-c1fe-4d75-9b71-8db6d0477fa3,cXnN,32.27272120113057,58.52214869648334,1.270180306279911,90.94437933655696,6
2b3c11e5-66c8-43b9-8641-658f0ad45b96,874,24.676698215963462,90.75515388703718,77.98739525303196,47.98153021214354,7
140a6044-1074-4735-b9c7-ea8d3ddce0bc,732,33.233418838390726,3.732829663221648,72.9060691212131,7.646122352681283,8
c1218ae5-c04a-4e17-8b6e-8b2fd6dc5acf,863,41.903863746579184,85.26585088410039,93.12828788356047,68.35685735765016,5
ac36028f-d16b-43be-b5a3-6f27d8963850,584,55.39530383589643,70.61885004860412,98.12949550488958,73.62449379361395,7
8664d8dd-b068-48ce-b896-8489882a681b,428,15.478153294877472,59.334752731091534,55.50940546318278,63.7743087670399,10
de1c094e-2b4c-4542-a269-cb05b7d90048,624,64.93064038740367,75.518259125947,85.05352988157865,21.96264837038283,4
b3d9c0c1-eb97-4e66-ba4d-410a6cfad140,766,44.6722220045246,61.832524424488746,35.218631003019894,23.67843485925646,6
33d1b320-dcf1-4d09-b141-ddba5bc5019b,473,44.817132559704106,39.15814662617302,8.024222872033537,73.12439085932037,8
f277b1e6-97bf-4bfd-a0e2-4d30d73dbefa,331,61.99214186540305,2.9775942953299994,91.83215643737908,12.98040989839241,0
2f1dbeb7-ad2c-4155-bc60-7824b93cec18,341,60.15288039271548,60.701369044804686,54.91487566986084,94.89578690931631,2
13f961ea-41a8-4553-bf99-5fd20fd0276a,512,46.59419553448409,42.53840256068312,6.4282529090808005,99.0221519533356,4
46a9b892-0ccf-4c50-b138-2e926ffdec28,352,95.31203970261096,13.546683212220724,2.739061533975462,68.29604768141483,10
95558690-a97e-4459-a74f-1b839b4aab77,mxxa,42.68257100159486,41.30845510712759,4.750491467054241,61.333668538855456,3
8a5cab6f-8b28-4f22-a78b-fdb909f611bb,972,56.297855043351085,15.66870492971153,50.5824035523312,93.30743883312036,9
98cb0954-8df8-46f2-8478-4025a2ca7a4a,789,62.39248605488857,51.5954128552795,97.24320475187304,46.21448467868737,9
60f195c7-61f2-41e7-8e15-fc5b58306a3b,50,78.36467349413712,96.71283507231706,91.33389102209608,70.08870769924059,0
c2d51667-2814-40e5-90d5-9f5c3fead83e,wy,58.61725586678496,45.33004809552228,82.94329424985999,87.28662347388881,9
8989e4c3-6bf4-4119-afb1-86be3fada586,vihP,26.42363925591308,31.793794128560947,91.48148702621648,53.83340960153175,10
776fe2b0-c877-4f3a-8d0e-29053499befb,618,26.43485351536072,57.11252693952356,73.9455309116727,44.62100448898637,0
3e704a6a-f1f0-4b3f-b555-ec3f5da3ba8b,185,6.714105563255213,81.15768299033806,30.85335093666798,12.734502238990542,8
e4001259-02b4-43c4-abe2-ecd01aa13f6e,293,83.77820419435132,15.805268669799313,82.99277856261713,60.32060588786371,5
9da86ced-9918-455c-bf30-ee33aa82859f,373,4.534888973749784,98.39118015498792,17.372785615831766,8.777372300803442,4
3666371b-de3f-4c63-9d77-4cacff381107,824,39.766864450087766,99.72549009505587,13.842866156245892,9.191013171857666,2
dc4613ae-e75e-47ba-aa5c-3dfa716dc6e7,537,6.947635927791717,63.39478662873064,78.44270644045262,97.19753373779878,6
8334bce2-d143-4407-aa17-dbf0bdc5a2ec,522,9.99041117330195,47.02420623634382,4.958706187021589,12.500724821557762,7
e386c087-6527-43e6-8b7f-1c1e7ceadd3e,HdAj,63.79808395244631,58.48857643686996,37.62659448241511,49.40934495564535,9
c5ae02ba-8a57-4b76-b7eb-fed68239b643,3,45.46888831252599,69.49433345747599,86.0790970561769,13.913992750663018,4
037dd0f0-45f2-4d58-b555-a2df707b541f,798,47.09075764987626,2.932404491803886,44.32258953996359,8.797111125100077,2
d8302921-f60a-4eee-843e-1a022d546037,566,12.692418602611475,21.193431222524527,70.42861873567307,91.44600290210346,9
dc7f22fc-1208-4985-b39d-a14d652e0b57,744,35.4492416357264,53.058050362111786,97.71047236861132,1.5480113662522443,8
b310fc67-ab73-4c1f-9d7a-04305f7bc391,265,86.682546165965,42.17493645251,36.708988825470726,40.65953115095843,1
8e2cfc30-ba81-4459-88bd-ff857779dfa5,996,96.4013096974996,70.35699697607345,89.37233332578501,41.69352674012189,5
aa9a4105-5954-4370-9b1b-e9fb4e83af74,403,57.48736193923947,65.02530030495126,93.64021021039076,54.155482577342895,6
9a4a123b-f8a6-45a3-ae49-bfe6d54e9f09,779,28.210349683575878,78.56343939782656,56.84546132293816,10.879052220088992,2
f221ed4b-8de2-4a8b-acf2-220affe9b385,879,42.20639299295885,11.943981902557132,3.742747352325704,39.43311039473002,5
62a664e7-fea0-484b-998e-c887e986a958,421,66.9979894985535,97.29079730822777,65.18815322806424,40.72841204054275,5
ccba4b50-888d-49c9-b17b-44ac725ac3ca,479,4.876458224317726,39.210043622893465,42.55265936539554,86.38394297258314,3
16e9bbd2-9286-4aae-9860-7fa6564d6446,538,94.5356962978336,25.45817611362404,96.15961405086335,63.85807643304642,2
43a37acd-2b68-4fff-82cb-0c00d3679f4b,pGiz,36.958425820269646,8.851819404037176,76.41652337659228,27.633218580684314,4
f26c32e7-c532-489e-a7b3-e66dbf77decc,682,63.59557456101997,61.70647971349372,37.18728072956476,58.41932292177052,3
9f47c608-6ae8-4c17-97ad-00eb71b66993,760,4.799406418088448,12.502715513284402,78.0191108062241,89.35042311692222,7
f236f4a7-f30e-4fc9-8b96-45ccd324012e,341,40.96679632302487,51.147824691737945,98.6920042574689,73.0472913893628,5
5efa82fb-7315-4fc5-ace8-25e370c7cb7e,315,80.08638599111218,20.72301421121675,98.5341591396906,29.948563869257484,10
bf5aace0-3bf2-4500-abfd-a1b55a30462f,20,34.11947841054411,44.2481842814306,9.094348135072272,94.97992643952097,0
d4beefe3-e515-46d1-8841-f177a3970bd1,550,2.055361095845132,45.24494594238515,23.54535158128316,69.42748621489083,6
d449fcc8-2b46-4756-8d7f-8626326de38a,Mytf,61.0612356948501,29.54721789387895,32.768541523466574,91.4809468940908,6
d53e0731-e6f7-46f3-ab9a-d46659183bd9,drSr,94.64111715405032,95.72218603597936,88.14590775945234,35.53992497342696,9
9e88666a-c69e-49c9-82e3-37baadaae4e3,286,81.52015001782185,80.27294574154716,73.98710896819189,54.53204572207424,3
6e62b187-cfbb-4694-a2d9-73257f3ca5b8,885,69.46460293313889,49.56675383644152,26.12612339585392,46.12450934833166,9
d9066d6d-b258-40d1-aee2-05efaf973791,570,15.033114177384954,76.18869950014641,28.956140275622577,20.70981704329935,8
4ea43b2d-ca49-4ed8-b794-04e598272aaf,581,67.21917492016486,45.96710636157829,81.97512658499781,68.5165942910846,7
b570f30d-25d8-4f11-a1da-898a2573dbba,fDhb,64.73696339172106,10.84464159431704,21.66282470176749,52.51036812814503,4
82f3fcfc-7f86-43fb-a1c5-33e8e31a52f5,171,70.85058696619075,18.704639917934077,60.17849397414376,23.664533217411357,6
7b387224-0f9f-436b-9fc7-c026f1bea00d,654,65.91058454901602,10.813644135498024,89.14148237264986,31.19674623140665,5
c4f0c232-ea5f-418c-9229-2e6444b45ed1,580,66.33086165911017,56.36728368234844,85.48569285714305,48.77953746193361,0
22a14b7a-951e-472e-a71a-4fa63f060d8c,cqjs,52.53180294915065,70.38301207203541,31.71639760466052,95.1093429747419,8
cefb16f4-9639-4203-8b00-6b67da577b52,bkFn,0.1678443154465858,71.77699820320625,56.83390979783276,34.27752084995964,1
b37204bb-7b13-4396-9145-71d50abe06ac,zwdk,3.85413427452872,57.23778085751461,21.301814661827667,32.597228819820536,2
35ef20a2-195b-4df3-8787-09d2f376106c,247,24.244358130242272,39.70240535647711,98.83599906312612,0.5298025960110753,4
4a8a6141-2a4e-4df9-bdf7-8fbd7ecb5d1b,dXNd,46.68314787489742,56.283013314688816,90.67373722545892,99.90964122217552,10
e735d3dd-b5c3-4d38-b48d-1270ddeea4b9,mvtp,66.52716157564672,71.18734915595275,63.02617090041704,61.01646928888418,5
39c5fe7f-53f8-40db-8929-ac858920c615,926,30.626853704215883,8.381927444032245,39.8035903301423,66.50923838625411,5
26fc5520-2ca5-483c-870a-e5a48f81410f,heem,68.80567682025499,4.549556349049045,95.58386846899008,11.88790469840104,2
5f9fc494-c965-4906-a07d-495839b94ded,205,40.51712624526449,65.24896304997489,51.07556020261288,8.860406572857936,4
24bd6e19-f7e8-400c-acd3-14b335450d68,213,82.25329947890012,2.1134375717911213,51.71908213840318,98.320379480734,8
0e764baf-89b4-45dd-8e61-f225d94065f0,jkLe,59.16528510832866,49.35672711329353,25.116675309994672,28.82310237936039,4
5fa55abd-a15e-4957-b3f9-ea2706831e28,v,41.615057447563245,20.419921273968445,38.58387901462379,97.44325865822243,7
4cf349d6-38c5-46f0-8716-8b927bd3b92f,146,21.265160507077784,45.003448241507925,57.567780566164274,82.12804878783886,9
a60070a0-2c2b-42ef-b0be-18a28725312d,897,20.98047077524906,39.14259356369843,51.106992322131084,63.307584382222025,7
b908c94f-0434-4381-819c-3e28c885ba71,iuCf,5.046532477957822,2.898238195377812,32.052291074894434,64.34417808621703,8
d5fc0129-dc79-4ead-8b06-730f8641e321,82,18.98873331235333,41.73342540284656,83.9455703702041,13.220855351734508,4
fd50c58d-025b-45bf-9512-a0c642000cdc,874,46.8578567882847,7.386777210462425,6.219959254259222,14.672828125582738,8
391c054e-6d95-491b-895f-3226a5109977,889,94.07157864770316,52.43530344561228,43.3561815306154,75.99503240819033,8
5da8c3c8-19cc-492f-b39c-0423def82b75,98,26.315400885975254,63.6474602826823,41.71762474069779,14.041591781456995,4
7a1a4294-4cc0-4341-9978-a796074e4a61,dTrv,41.13156903340194,13.090147629782155,52.205009728088655,59.735667660561575,4
ee7370f1-8526-4f7d-9a8b-efb79471eb27,901,83.90703438803823,11.763066335348505,17.13910096732564,9.590689466280631,4
8339f309-284e-4a26-a578-25934fb2df28,197,99.85964235900158,18.19404513917471,70.12715277900695,28.690536050083203,2
837e6cc9-1d0a-4a5a-8369-d743908fbb4b,879,84.70936660982935,18.01588031706344,16.110975716886266,9.57982332500288,5
41d611fa-5758-4479-8554-785b2ec63d17,239,62.63769468758033,44.550789920268286,83.71826008584603,80.72540059226338,6
e8a56ba2-0cfc-4cfa-8dd1-2e84a778b0ab,895,48.169854070931606,53.561873156845664,17.28749093912739,8.315750739485095,1
e1b15d28-171b-41e2-960a-a7cb494fa75a,692,44.49118893079776,36.578155310537085,67.13711549037164,99.5407148032511,3
0865e66c-f0be-4d64-8182-b1a221feec18,960,89.57686046637396,68.23214727066487,92.00911558618236,76.37608281449715,6
3858ed99-b17c-42a2-9687-87a59341b5d7,fcpo,90.12385971206956,13.962263292063437,67.98730119911536,30.337234449397776,2
7828ebc1-a47c-41cb-a705-f03ce9e5e5ef,273,77.8378705685297,39.86356278414,34.75863098191778,11.632622027272498,6
2531489c-659f-43c3-8413-804e7bb1e125,823,61.71376059764368,20.974498933787523,13.276362986960844,47.33675296359217,8
6c5b1e63-171b-403f-969b-049b581de2d8,688,40.61144415236379,90.01398147472716,95.51508271879986,83.98487340562187,7
881290ac-1feb-4c55-8603-c924ba0bb96c,410,48.53213051624648,33.502848529598296,31.95920813755292,83.2685430813123,4
2f9f8f6e-66dc-4bac-8115-3e8dd739ec65,ocVl,72.9388017550042,70.3983030045114,22.11150723238554,96.1723767843873,6
2470044f-d37c-477b-b34c-304c0d9cf192,74,12.797249484542162,40.92868809438639,99.54881543364962,48.55144704630347,0
c0101a63-a28f-42e2-830a-f6f751b9274a,776,55.12694644485505,95.1106579540088,46.31487665602041,79.27246065689188,6
9e5da841-b826-4c3a-8ba1-89f080985d64,295,94.20492352062996,59.093329985403166,34.00037089078618,90.5936432938193,8
efd8585b-81dc-40b5-83e7-57579dfa4766,302,6.2892963781718265,13.506477443292674,23.933089293720023,90.4554936696339,4
c3c6ad2c-d148-4d35-a15b-b7b2c25b5528,544,50.63579347625989,69.04941806437016,7.516199031840076,59.79045162350442,6
615a1639-cc3c-49e7-817c-96929d664603,573,2.301167291216355,2.9776033773029957,71.28400051206002,77.93574480487595,1
9a702b09-3785-4f8b-9be4-78d63531fd42,38,68.22820899331568,60.66026473488259,96.67379126714906,13.248283442747676,7
20ceebd4-7215-4cf5-9e28-05536a5ccb0d,438,68.21606831126167,72.40148982445285,87.21051863469748,98.2200738906402,1
ebb76480-47d6-4a82-94a0-ba66042eeff6,unco,78.7730865323505,29.52602391024626,29.56778120669977,20.82210211370321,4
0734ca5d-9489-43db-ac0b-5a9778eb2031,228,47.93679324632736,36.88606181360367,89.48270900153774,48.04829022665636,2
b5812800-b235-4c74-a329-05b5f961e743,yhhd,10.433022759728372,60.22697254045618,57.92988070377507,84.55506093818703,10
af88b29b-1613-4f49-aefa-1f30d8ab8797,233,20.412216665730988,41.96830630400677,6.590492907593526,76.98661221125722,0
c29dfd1a-6c6f-4685-8655-fa1132c3dc2c,238,69.0356900094869,43.8796511140576,79.32877668386986,11.77323250116401,1
60842ede-ddf4-4b75-a38b-933cb0aa42c5,698,83.04347938754329,45.639264699945606,56.58814142132466,85.90514794777077,3
381b1f4d-844c-4199-b751-fb45de80e88d,oqyn,71.8722774241566,98.64667867063864,78.07733437656084,60.10836312571129,4
f7b2e6c9-0658-49b8-9895-28097934b0b2,qqRN,9.621679316379394,69.67202108534933,61.141625724665246,3.4045603148300074,7
f2bcb39e-20ee-424f-9e0c-7f4d4ddf7cfc,bxbq,1.251232867103902,3.900257598317647,24.04920194974103,2.26680047767206,2
25a4dbb0-9cdb-4570-bbb1-b36ba8a080fc,pavB,35.07258994173629,55.08528519049916,34.30139221205789,56.21836281940532,6
570a9917-a6e3-4535-84d9-d6490a5fb9e5,gwbg,60.09953985697854,20.264219079417916,28.53285577959811,6.533212691587087,8
93076744-a51b-44f4-aaed-73d4ff588bb6,138,93.48178450500752,93.7767111406383,93.8716017894885,51.08813303539614,1
07dedfa0-18f4-421b-b3e4-311de94b0d04,85,30.78419084765181,99.46238367202956,32.187647342670424,93.05780403951157,7
b84b85c0-41c0-4bc4-9c68-934746ecc093,244,25.300085884283284,8.458025499262344,27.25646199501419,30.49923831328709,8
b207f05d-142b-41f2-b433-5e2ebb961780,207,3.3153699991986585,96.38615114957102,6.675948752867167,55.4429516359338,5
c9d3d8ab-2e5a-407d-b5b8-d2bfadb2bfab,106,30.98206771470497,48.93604810138602,80.25376703071348,93.37829053094198,8
990a3574-2ad1-41e9-a01a-a8de6222e8ad,517,38.50947861187137,77.14457242774883,97.0171163426966,48.81496719325503,3
d31276cc-eda8-42f4-8834-be9b36f215c3,545,34.62633332181969,71.86582170157936,7.280977155857505,67.26716305990168,10
fc9874a1-7b6b-4a55-98d5-53980f866cd1,tfzr,68.52566419754012,75.11291065153391,93.30007990127751,76.2908406748417,10
515c9ff2-82af-4694-9600-78f8299a7c06,864,25.647612459942827,44.26189519889429,85.43887928912058,13.254871058163742,8
1be9e29a-e371-4c6c-bd2a-2520dc84cd7e,,55.61882488838803,76.53010789586054,96.72219248282488,58.74681488935194,8
680353a8-4e31-479e-b156-14ff044d6169,946,4.838106083001192,35.53403749295161,60.729894074974176,30.88202583838463,8
9a302c3f-e511-4078-86ed-954ca98c2a32,884,18.32313317098789,65.77956496503829,16.71257662848571,36.60576719609821,4
93704629-10b0-4e5f-b9e0-096fa144e04f,zuqb,14.375129535985163,82.77243683610966,67.26933139880383,7.96931481833224,10
bf09dcbb-f09e-444d-bd73-e27d5d2bde80,838,23.605979843830227,64.5369200952365,75.96041247462833,31.322576360561428,9
30e78dcd-9036-4f1a-b715-dd70f7d3ebe4,539,16.198786028689348,55.35254032501271,56.18251076279923,17.71707822440667,6
c8a2f51a-66c8-4943-942a-18bf3df83fc8,kyqp,86.26821742360596,40.241198229277884,90.02716474122577,82.65452876338087,7
06f9540e-cafe-4ddb-880a-2b84a58ef3c1,449,87.89966749596725,40.78326345886276,93.42821039220074,58.9138569646351,5
6cbb2cb2-8e8c-444f-8452-649291337765,589,46.70250091429611,13.17009742945261,19.443412900427305,73.13955792789497,8
30621793-53f6-48b5-9373-6d01ac527cdc,Omig,79.38447320450295,81.84068391864939,17.157486952193423,51.59011395350672,9
8e43cef4-b786-4b59-a404-cb0f1945bece,914,25.187668455400413,49.86667568040528,95.30419817253971,1.143236108031609,4
f1399edf-1f17-41fc-ad5e-5bca5748ff8e,404,37.915929453345,78.97748961250288,50.04281204919597,16.068955233957915,6
0a28f66f-df05-4983-890b-88f0facf7589,426,59.36096130552653,24.66128976259354,66.77655644865456,27.698771891633346,1
430d57d7-d10d-4147-b304-46a79fbf33b5,792,99.87160049632956,64.99154102303893,49.98647940058023,13.5911856466019,9
488626bb-4c89-4be8-9050-83484d81f975,282,98.23190150495743,98.5927919596103,29.5598657036089,95.71596989469565,3
d3449ac1-2d13-4c9f-adad-db160e0cbe8c,841,74.12204664294389,8.28861308537162,37.41738030886594,67.73126073823494,2
37a98025-2294-4cb0-81fc-b50a82fcacd9,176,88.3654657543427,32.846953503668374,47.43261368457142,95.88461737296056,3
50b5cd18-51b3-413e-93e1-9786861a5a4f,927,61.7900663922165,90.91156679106234,55.29682621665697,55.81636081252713,4
af81bcfe-dac1-448c-981a-af54b98c342d,483,22.314101309095047,91.47073432735456,6.653566096026131,34.559316054852204,4
da4494dc-020e-46e2-b009-3cfc99097acd,29,38.46170535601365,62.30733816062271,7.8714318177897535,69.89554850626124,0
70a3f826-988c-46b6-9f71-2aee3d3090f2,460,42.96680805697256,78.50727322925883,83.79585904993125,67.38904521443713,3
1c7fa90e-f7db-4341-a770-927fb3d99371,idbe,96.36122486821765,80.6351405144861,27.781108014932897,56.31428293887494,9
45ced919-9387-4210-a071-6700fa3f7ee4,495,9.395144358713136,48.65544453263309,74.99420759838773,85.95601990400084,2
f79540d4-7d24-4dfc-ad86-a96c0473c759,fccy,85.10956445724953,32.49476185879181,64.19403620944456,68.38770762361018,2
687ee1ba-5ece-4a84-aa62-dae2d296c0c8,664,91.62907927077886,84.71786774673681,95.29391854359866,20.713851447846608,5
fb6b5a37-f89f-40e7-8010-6a46230eb614,vqiu,90.5275562555968,99.60367715451818,20.61209627453846,53.0376343323066,2
49413a32-7746-4a75-96b8-385f65f13dbf,211,82.72545369688325,30.390946815849585,9.456742779528524,25.12484676347939,2
9bc4064e-86ac-4b02-9491-a4db67410cc2,887,97.2810331878981,92.13731529840187,22.642705965278264,78.261067976213,5
e848f448-654e-430f-85a9-87f84b7e95b2,srdd,91.0720075888649,61.10154499256678,33.911842083646405,49.76847440400187,10
803772f8-0386-46bd-8913-d278703f6d91,utdu,57.54009490429961,79.71837292049894,54.83762295920963,48.83120925283186,5
acaeee40-5988-40a6-bf86-f889cc232189,271,81.56896637557439,88.0372389804949,61.03206409302384,78.00681512987555,8
c6a19d5d-c56f-4623-8007-e63a806aae71,643,22.932250856717083,58.26314155458775,40.90007952072269,68.26047654930157,5
56ed84bc-91a0-4391-a3ba-4c1f647790f0,235,85.64280769902129,87.99524183809257,58.64930452441234,11.409457776383036,10
82efdce9-a778-44dd-8317-12f5df834308,300,66.24603405766705,76.86557615897874,3.08922556284158,54.07560224522828,2
565f7e5c-0c3e-4af3-92d0-19bb4e36d47d,FnRj,30.48688977467363,40.71951166108272,74.93282382291834,9.320451584427092,4
6cf2871c-f2eb-462f-99ba-cc6b0eccbf51,300,99.19547362572928,99.27891492533524,9.227732625614935,8.713971774040562,6
9044f04e-354f-4015-8bc0-f23a9cf878b5,724,58.31013504816704,45.91543959673145,65.34886557025284,81.52146925017247,5
009e97a3-2404-43ef-bc37-5d45a5723e3e,bevw,64.70346384106861,54.84470458682891,13.593422048174665,98.18509033547,10
cb6a0b15-3ef6-40d3-b7f5-52c2d8620255,764,67.07584677066167,13.064029855551071,15.427087227245416,77.1217691874216,8
1e6b480f-e49b-49a8-bfe1-f488526c26d3,554,75.73357898782785,99.92026755571406,57.56258604362744,94.19162188413532,2
8e7e60a9-278a-4262-a97f-f13aff2cde05,96,23.17923656965902,63.47560147994508,57.666384620602514,2.8548358250982453,5
7591bd6f-997d-4de2-aeeb-bc2fd54166e8,431,67.72319518454914,59.60934916007067,31.98490002056279,25.87914475631066,0
dbd875b9-2f54-4d7d-b1b3-064638fb1eb8,959,16.42890768523204,82.04159890087784,99.93588910276424,99.96437551876276,5
4cf2d463-e369-4940-a697-479cc6bc3144,371,34.59244018476409,25.97968580215927,37.74544199704592,91.82548879718009,0
63a39ec7-8540-4e03-8bad-33e923332758,911,4.085027693986842,79.4398069584613,93.01686981111676,36.89208325734678,5
894ffa18-2a02-4d43-8d5a-63beaa4dfff5,323,94.62419483831836,91.98851529779304,24.10986099175681,58.45614349908107,6
bbff3012-17f1-4a71-837a-4ebd8bfc66f6,252,88.3907366526096,27.34932803516413,8.620153431925914,91.68464779759816,9
f961579b-0570-4222-952b-8308ddeaff11,232,19.458958817940687,81.0518982664721,27.34362939150457,61.54354093960729,7
f5ca0a96-15bc-401b-ba57-df087a89a63a,334,74.72920613050051,25.67146410433572,8.295844014480092,71.64986199950988,0
451a64b3-7e81-465b-85dc-cfeb9d3d0da8,49,10.882848549994929,77.50748373525968,46.809091498140845,33.883664076210216,2
124c6b36-f714-4242-9a3b-4129bd93d664,idju,14.25240452868406,41.06835657358434,41.64017572881408,61.62740713632512,4
88cf14f9-433d-4cd3-9b01-ed823c116125,hmqo,30.85678317453602,9.916916082868877,99.45910800923455,48.13697684931515,9
9174a5ef-6aa7-469b-a2c8-22da1c19a8e9,746,78.80836515663123,60.21940823227241,76.83833131512623,16.718959124003206,6
62f74925-32a1-4c68-bced-8a8742d5e015,580,58.36123186554673,45.13875156878965,95.45234157408616,83.60565247718161,5
739ff3c1-a3e2-4746-8ad0-d7ea0c63c737,iyqg,42.63613559115116,95.50265552424388,29.54226910285521,72.78879800664872,5
f178a0c9-e205-44ae-bd70-d706545618e1,xwxh,69.83433481062119,21.523794436526,93.69391688423111,95.3904515574826,8
82653805-a264-4d30-96b4-0333f7b7c693,268,75.92619459388823,47.82204255804198,3.872064058178881,1.5742618961211874,4
e09fc8db-b2b9-4df9-bde1-aa3eb1513afa,443,22.41924554002923,33.64601255419972,7.8001112738567135,95.08698455422557,3
8604f33f-c5ce-493d-bfe6-921f5bd276fa,646,36.07543299899724,26.06104077430909,82.77542228451821,93.70277091615704,5
d2279fa1-b695-460b-b3d5-1e15686642ae,628,38.9502161995583,55.43771544531345,93.47510356569936,98.64777107735512,9
25ce6510-8065-49e5-9bfa-942eb4be6f8f,684,69.61348759441822,45.55963888973557,92.722278972645,81.75828725061882,2
21e38705-f95d-4c74-8d37-a7f3c8551bc0,822,57.45694650964255,4.276912081447137,98.70723730568106,1.4856313306980562,8
48e890d7-f781-429b-928a-2ec443b85357,345,94.68614528021334,95.27054418941202,26.627712528521275,78.3562168525163,7
9c90cc49-eaae-4772-b112-795866df8ee7,534,48.37646711158183,55.77757329268122,6.479479589330273,16.091907987746122,7
950abad8-fcf4-4c72-bf12-d7b745460b1b,tyaa,19.456822013012463,71.62508780712112,69.15761378739025,2.8718361739906606,7
ecd04231-9fcf-4c1c-807b-3e4b6acb3c65,904,87.28023559165108,71.90161274248011,36.00299115790192,45.504516172709785,0
74d6e409-e014-46ba-a6db-f198a090e70c,59,5.103226435201136,25.434036522748823,9.804818442440222,11.265808363544426,7
d0b559f1-2047-4e0c-845e-5229fa60f9c3,636,79.18981875078302,55.66929076783179,74.03469818950532,37.31479123805491,3
940bed1c-1425-44b6-8ed8-edd63b238be2,vLeu,22.303927653973144,0.3342389806811785,11.04176994007645,51.86488536654209,5
6eadd4e1-7746-481a-ae3a-6a23bc5f3754,dlbI,28.370691168095075,32.8235415686719,46.64651796420084,81.16383038602959,9
4f9891d7-e02d-41a6-815f-16b677198951,730,82.32688723845158,26.95657691803144,58.10733268438648,92.81977752423568,5
2d640a93-5f79-41c9-b2a3-54c9344d9bbd,643,66.45998719302482,16.285543060774067,90.35597079906309,66.36740716755655,1
bd157477-083f-4816-bdd5-b8b80e8230f1,Oaml,53.53437140398994,0.3317063266935371,75.7480012814675,10.853769936910007,2
3246e824-958b-48f5-abd2-ff11bce6699f,584,27.74616499315138,88.65352689043226,76.28277922376813,47.533495573782666,8
78ddebf2-078a-4441-b039-fab95a9d849b,33,68.0003862266429,96.2613420853121,65.76964614950981,93.85142619953156,0
418cc1b6-69cc-4178-acd2-8d3024af7696,757,93.689220994814,44.691911439928646,92.1182962550977,51.218924931620926,6
bf226ea1-e74b-4103-9720-791f922b427a,406,66.60320323115054,22.41225382137062,16.683204982961286,21.526582493406032,2
6bc1a356-d63b-4b62-a6b2-15bdbeb33b1b,618,43.41114525582211,61.93929504940437,32.90115639417075,65.21768958555472,6
9ab11a8b-faa2-4296-ab94-861849dea265,69,52.41919301643203,44.23944209129765,22.326757002091703,58.36144137023872,10
f6e435e8-6c29-4fad-b860-a9e959d8c39b,287,29.62594303621374,40.53606647014426,74.3765089187543,81.35499014759885,5
ddc02ca5-62bc-43eb-b8c4-05a201ea074f,stqz,64.58097653311066,55.43295080160444,0.6410938545591383,81.57082857902131,5
e544c80d-3b7b-44cb-bae2-2e6fc3df5bb6,315,26.155286669638,21.988588638727013,63.22815639625383,76.64965764198102,5
09f56bad-e23d-4df0-bd1c-cdf5df5628ea,537,85.76175064098275,86.71421142292633,39.57805456256622,5.007959072309842,3
f59aaa16-f907-4824-82a6-7f25bf6e1143,637,86.53484965009355,57.20128778238656,95.47322785135142,12.311520598234049,10
dd4133d4-d40a-4172-9337-aba3b5169f5d,354,51.78016208207086,78.4411975917347,67.50971709499368,96.42582262090512,6
9109e3f9-668f-453e-9d8d-b523226fb540,899,85.26983461670734,58.82630904756427,40.5717286157146,76.1344785569376,2
d9ad5ab6-db40-4cb9-b0a7-828773b5c743,183,75.62785678887954,67.85887254031478,1.814449044076294,52.78746589396405,2
823a8b4e-0fa8-42d2-a9d9-b138fbfc24a9,629,26.6209529438928,53.27941846495666,46.9920956068344,2.221183142146532,3
5b6f7a42-0a77-4b4c-b36d-b4e8f6245d63,953,68.33444686326308,52.76390264670252,16.382754634394004,27.81614965469211,2
52b19d18-9978-4ae5-b538-a7b7adb3a0ee,dtcs,5.661910273361437,58.76103765175108,5.004032283068582,57.61180294853014,3
e9e27caa-0e36-4ee7-a9ee-e4cb44ef3e2c,plcn,81.25384587738229,8.768656196001112,37.35237623946076,75.99633040035539,5
202c605d-fe53-46d8-a1e3-4e8f16b433d7,26,77.72288838022689,81.18468748566133,91.29899537841938,31.94410456831509,0
2f2e4b87-26e5-4d42-bd79-4652fd546b3f,341,69.67979625267891,80.29330987490474,38.63315354984257,37.84858606284549,9
072220bd-ef23-4a44-9fad-0fa520e88e37,bvsd,38.14822490468976,6.045047114720492,73.31817267461606,96.91562031257,3
1316e215-4ea0-428d-b23c-d52b01e40fbc,494,94.58057215075269,23.39616506181557,3.464945983392476,54.22569054352028,10
b5a08bdd-fc98-4290-b959-bfa46b8feeb8,jpiw,77.93193304336191,7.026933475724951,55.80835785432631,68.75351307877798,0
44442034-468b-40cb-8d96-0dd83e26b22d,706,93.04533670581328,24.37981319071404,22.94860401533984,7.274755111547105,10
5b14296b-ce43-4dd7-a25a-eccabc5663da,hmjg,19.818080023982144,21.015490767097887,90.589790605406,5.089095594132576,1
d8af87c5-bcb2-46e3-9907-5e15a5d0c091,601,20.171298209012463,52.649779228919904,71.67283682392849,14.212141527255584,9
50ac36f9-c29e-4812-ab89-2de350d42f00,xraf,90.04557972963161,98.53072953680756,83.4479089668252,49.26493655464324,6
5f093229-fd82-4c0e-9ad0-774ada6876d7,514,56.55918690149314,55.526190211627934,48.603584848489,44.6979406852538,6
f4545f3c-baba-4e11-9c3a-295bee2489dc,586,6.433286022922646,78.89109386327073,19.046652985405053,62.51997945789526,9
dd6a2c73-527b-430f-977f-b913fe70ec7b,rfnj,78.15896623767026,38.04088580744441,41.39530378773896,6.9854034319907,6
39f7af11-b84b-4d19-b1bd-8be7e0de6a3b,kijo,45.258084184519966,47.55317029036531,33.93197822873304,10.7424575223966,1
9c6a1346-6ee7-4707-afb0-e5d10cc27184,334,73.36064216240918,95.40013182931466,27.72437517889379,83.4914182763698,2
14402190-3a06-41b5-a60a-9fe134b70d23,303,73.2029391384278,47.74106074281639,1.2767372212071693,55.71110792488283,3
b05f4c6f-dd96-4aa6-a7ca-097c43653aa3,154,89.96449205398434,70.60956084255356,42.270815009512965,0.4761688929238783,10
952705d5-38fe-4d11-97ec-8253936d8b4a,776,5.785727809762086,5.706027107482569,70.41733090571711,44.99814987800469,2
b7879aea-d500-4f1e-9344-9899dd8071e4,362,90.47779286739944,84.88456643444657,92.43893078150865,57.31585992672633,0
03632644-5cfe-4bd8-948f-0dbb11dd050a,582,47.3757871718838,72.19000313399494,43.18091792168837,61.30690596340797,2
efced578-ad81-443e-bdd2-552ee0d41a10,tvll,51.76529377516857,30.31927544187757,37.85453607582829,95.12156632742254,3
f449f7fe-0ac0-431c-9952-9696cb98ee21,908,58.80186067026747,67.66680916856515,71.30900050522956,70.14057863592733,9
8ce3c0fc-02fe-4a1f-838e-47d0bb714d57,zpmx,30.32265459336131,27.35167736928037,17.720429707357233,1.181473188724269,6
a19ce697-ef33-458f-ac09-1e3228efce97,849,18.44129635995153,39.95914945361432,29.02304137074824,74.3225805896711,7
9bbc4dac-c574-470c-8d41-474f57bb4ff2,195,8.025367830211817,88.08983629428326,95.95258995524055,8.290824377467686,5
93081895-912a-45c3-8574-29bbbeeccc97,ywwn,73.76958427770093,70.70687353943144,84.11705138326599,51.4547868312204,8
23f9351a-c8fe-40af-9305-ef77ebe5c7f3,563,82.23351467947617,86.33877975488197,71.61927723441555,4.807732248645746,7
2ff91234-777f-462a-8173-99054c93e0e3,26,89.6607544918264,68.01856935253137,38.25671196810424,26.88277197980137,7
7f4a4637-6fed-4b06-aac9-e3cfef014fae,997,33.446274802564425,38.36337836372068,70.76859420763255,73.46400732670477,2
984dbf66-b3dc-4374-b2a8-135a9bf4df8f,418,85.89628411997498,4.956145088121944,90.56777341436172,25.32887275182717,1
e2681684-a9ad-4f1c-bb05-3bf3f1526716,336,73.31855360540948,34.754013761610324,45.13524473013265,56.569794439041424,5
f63e7cda-8faf-4c4a-a630-21eb0d8835b2,Datk,44.03074462275125,16.29045197033766,36.29815424792741,42.87340213546111,2
3011912a-79a1-466d-ba6f-6e2f3735cc83,699,12.13612686900295,17.388693133649912,71.95953861169365,11.787987097343043,8
15bbe2eb-e301-4a6a-8ef5-09f1a47f9473,580,3.785100359503157,1.3688539162891369,38.92576398230585,10.81655394313794,5
a6840aeb-5063-4d91-9c4d-2c7efad43ba3,aRmh,70.12933861808058,67.36408502987955,8.464656182515151,89.37311487430148,10
93faae29-1598-446d-a99e-89347cc204d7,981,7.942973658146835,70.94235337053466,45.503967558804334,72.66017890800168,8
d2516bd2-1b90-40f5-a464-194ac8c33444,872,11.506107173327695,65.26078353658129,42.9283628178793,53.84839208300745,8
9bb14746-faf0-49fb-8826-5192ec180737,775,68.79100648461969,3.076828304561774,31.992637217061937,84.3716114387348,0
ab31cb35-757f-4145-ba76-ef1b65912e6b,124,3.0927817068928776,8.905759362751297,83.48070964058691,14.969319295396,4
6a9c2de1-bc02-41d3-9d79-f40214cf7d3f,188,89.55118581003083,56.71484491656464,93.30053033021768,64.39809226619538,8
2b04675e-589d-4113-ae7e-ce459abd5634,838,37.90702446804918,21.26287588652683,93.7561984165188,49.92165795046296,9
f1d38714-deb9-43ab-8cff-9f5faafe9dd1,535,34.97855199393316,20.416971749820668,4.827744115571875,51.721073747064935,5
b9a1e3ae-40c1-47cf-9816-3b85ff1f1009,wwqr,3.875916318129924,29.162753121280904,28.765447112022592,5.678834803733701,1
ab414299-f9a9-4759-b240-930d8e575967,169,16.43337758898572,83.53275258406538,1.7433563698527332,39.99608782560434,3
7898055f-bcb0-4cb3-8330-1807b090f737,935,58.04383377951334,79.17628392090064,17.829264691779677,66.6782914128464,1
a1603c20-9a00-4fed-97f8-21ec79eb7179,940,49.83382022762112,12.267984412400912,35.391334368444205,58.47858798655716,7
9a4c97bb-5791-4c64-87f2-1a11bbb82a1c,310,82.27597766486727,24.299125518644622,62.32900866701841,47.070427918225,0
8af84fb0-4097-4c1d-baa0-98234a90b6c8,393,60.88249085801041,82.35293675654295,63.97803828559877,15.720294966005168,2
9de7b109-6a9b-45b1-87aa-54eeb9ca6fe9,mPdG,86.48733955140696,11.834556926240303,0.2573162467621959,0.3295442860958286,8
29ba26e2-9c12-4260-8ec6-443d20430ea1,723,5.679455308213088,57.5187296704624,49.6675191697789,51.3320652280565,7
895da2cc-7d1c-4913-8295-153f5a2ae672,iice,23.37861069796448,11.83245056321537,97.09159771927564,32.59618067847172,0
32d54bbc-fdc8-46d9-80dc-2c856f6cddce,823,60.036655701902816,95.90177825355336,89.20828317503499,31.56905702918649,5
1e1ecf34-953e-49ae-b011-656713fb5bbc,270,81.29187396509403,79.76616264900608,55.92576070468998,75.28087430420622,7
925e9834-a4d0-41f2-abbd-3a17396060b1,973,99.29170604806166,93.63783994569162,40.23642439041758,66.22670488983823,0
b02a221e-58cf-4910-bc7c-95551f6c6e2f,rQos,33.43747591156275,96.90795136003908,93.33068677906031,31.204977458808536,9
7eb1f6e8-d76f-41f4-b487-a3a9e0a3e47c,912,62.80344712435421,8.618211227011185,50.24148212927104,1.967614892667924,10
76f6cf18-3122-494c-8a83-c04953089278,dwlu,23.24905014793205,84.22286330437676,38.39515295413312,90.63375836130724,5
21196b74-51c2-4e39-b788-d8eacb244831,345,1.166272278654612,41.9702302511916,38.81574579147612,10.841302282442255,0
5b583cf6-19e8-48e4-bae1-707a38d1758e,547,50.97418450000815,58.34753068686075,64.7955892022524,82.94388941130512,2
a2509610-17e5-427a-9863-766549320cda,xymx,41.12802285959823,53.59728037755344,30.366193217085925,73.20659747159068,8
045b5191-5946-41cb-8173-4585c0cd985f,830,51.53310442607576,82.41605907762852,9.762009051332631,1.6610136575733736,3
295ae42a-92be-419d-97d8-2b0bcd5e7a03,609,24.5400581744571,58.4083940209806,11.747140013611068,19.302429563240885,1
99aade82-17ba-4b42-8daa-c8278a0bbef3,wkzg,79.48833366263656,6.354950672872395,16.94940717355885,78.44000148680284,9
768ce80d-5078-4b19-ad92-b54512784d33,614,99.59808175271904,48.83891216031404,40.01123501718173,56.47047053707779,0
942a71ff-4372-49df-a59f-6f23a1a12e7d,801,33.55823536913184,64.14212913536905,53.19886489223419,67.59155489501522,3
c5f88973-4f4c-41e0-a772-0d81edc537c7,tOld,61.513586699605824,57.27987928320187,27.59408386056451,75.4241617131021,3
d49b8cae-6cc5-4a05-b0cc-fb4df820c331,991,1.1128522147100584,53.00214557433445,29.58378546862897,22.490841228688662,5
b12438a4-f233-4364-acbb-731ea5003d26,640,40.96802732945647,18.39102034186365,21.726662263337094,6.21588317852142,4
ee578a9e-4eed-4862-ac78-db9a725715cb,866,28.316867179344285,51.069559254774575,94.11566409987248,44.09671066687806,7
215d984e-8ebd-44a7-bb10-4401a13836a0,204,59.34763769928705,53.99436502316626,21.633916518477136,97.1888705599252,6
c406a35e-ff5e-496e-8279-7371ceebcbea,505,12.25148113920802,61.34153949866016,96.02986554653867,7.888419817268244,10
dd6859c4-d522-40d9-9665-6ab55845edb7,672,5.334634357652224,60.7365700234426,23.2007075114826,76.8830714041297,1
01ebc25e-96e4-4e52-9c64-a5de75a18a96,286,6.778423126208732,26.60656291351444,71.15768203403154,95.25485832397725,4
1fbe2ca2-708d-4d28-9aa9-b5e086a35c40,359,7.822227024839035,99.10865557677114,84.46473368445312,68.74296698513723,5
11e61795-708d-4d4e-ad30-a4b2af39e244,453,86.55903076800544,6.740813235788945,87.6605319142818,11.673217652043856,5
6d719be5-9bae-4d14-bf10-fac3c311ab7a,596,68.46200887747756,44.37953988724607,32.14590764649196,87.22508804264503,0
9981428f-0c36-4803-b083-ea774a86cf5d,242,76.80453422676291,96.94020502536684,55.94026259861534,21.1156879275342,8
2cfda506-a0bc-472b-b0cd-ec4ccf91a3fe,Rqyh,61.31765336207913,50.38667710159825,66.11093744350352,3.994516349056976,7
22379b07-bdfc-4e75-b6b7-bd792b583591,117,99.83591792322513,0.8709217070679287,43.827828196521125,67.28459156175849,8
bdba107f-8d7f-4323-b4ed-146162b0effb,679,7.015068798609725,80.27125350163172,25.18552156535313,51.88000625609288,3
132ad706-f77e-46f5-be14-491eb9880069,909,20.511402189819595,25.009326958682788,22.54220991093575,93.98758754371056,4
1a59fd09-175e-47d7-8b25-f68f9bf0f541,693,97.41184058076716,98.51818239002591,49.33718371938439,53.21408303042075,6
220e5afd-12dc-41a8-8980-750c18a7a2a0,540,25.149991569234757,11.9802617479425,34.80628629036132,49.63316394641166,2
b7b51062-c91b-4314-ac4b-72e60a0d6233,85,49.06173987342758,6.240160543730077,89.130251050836,63.70846081838263,7
281a1a1a-fba8-42b9-b519-6a0033d7daff,44,9.6688332236337,97.0084425119692,76.89545214616632,72.308839861367,0
17e79bfa-95a0-403a-bf58-1fe6d36e81f3,onmf,85.82933279721924,61.90861568643923,47.38834975763525,33.1152623432594,4
d94c924e-5232-404a-bb47-9770840689a5,24,57.81203712751396,57.343753149282605,14.415786646467444,56.98863252031165,4
58dbc89b-068a-4312-b112-2dc8b53bbd2f,705,27.73987788920244,41.74500877055748,93.95861715852358,5.296066470344851,6
10636202-6884-44a8-925b-181906bc5875,396,82.01897132101736,33.21624263659724,3.765854031362381,87.51220827474638,10
cecf3b5b-41ae-4ad0-aa93-708b4bcef513,785,59.91842545767507,65.69054426383717,94.31517263049454,97.59141805918684,1
16e00cd9-4182-4298-a17b-0a550b39be83,820,53.361670127706105,29.27653800535104,27.67021138122912,53.64554741432735,3
7e557fba-03d9-4fe0-8a94-881b7c8e9573,fxkf,36.96660657369085,1.9408895187195352,58.628461899293015,31.27018187024626,9
0f2c65af-ed74-4c19-aa2b-0c03da6b8288,onas,62.47890007086572,13.49518792138812,54.304117038743904,26.92133918216334,3
062fa96f-4498-4eff-81fa-2e248621ceff,351,47.03681918346357,82.29468588063095,76.63165394083474,3.718048811044039,8
4bf3e6b5-9681-4cff-b84b-a4be67cfef40,661,20.321317310729768,69.30832601409261,43.99601683520079,95.06145964222846,4
8e407398-0a3a-4348-884d-30e6a8d08aa5,135,81.7649408372254,61.87764644249947,9.21427485334797,76.7355123971906,4
14d27583-0137-44b1-b505-e6ad4225d004,696,93.8484009993702,73.12223152267926,10.311083555905164,24.816505617196192,9
7c4158b0-274e-4cb3-af8f-722daf5a9cde,rscy,72.0474991811417,51.67915536794918,9.787610178944927,68.03208528646365,6
1cbb17a7-54ca-4ea0-a94c-c7295c95c515,59,27.595929721379772,27.30975484409456,91.29338818024908,93.38625167212491,5
6b58d387-763c-4ddb-a04c-54b3e19257c7,xplz,68.02483957365264,84.30382084634526,27.806274543659693,24.80312014841909,0
7f5fc0b4-69fd-48ee-bede-5c0eca3f0ac8,678,56.11806934248112,54.276784677765576,75.59142085214869,4.07470764132073,2
dd7d89ef-88fa-4b49-9a61-57fcb31ff011,924,78.53302780024869,59.87851024326741,32.73078089333432,79.7080442338551,1
89ecef52-cfe9-4fb5-9863-e21d0e31b118,677,12.62261158039597,90.89967298219614,89.7789662483096,87.79450018810215,5
28d2551e-578a-4418-8330-601772b3f67a,256,32.19390140026578,14.06186478044532,48.981509537598015,60.03848265814903,4
76283689-6cf2-4871-b605-599954186ce3,391,81.58350902706445,21.247265886401102,93.51582374423266,9.58064564175112,8
5f0d3026-9690-4b39-8f35-ec9602980d15,860,10.45868057205096,93.04156822299228,50.7511816866777,47.2396011069145,1
74720fb8-1dc4-428c-acfa-9e6f191a66db,614,79.03500687914192,63.600549102912666,3.586923891374349,79.05482548249833,8
f693662c-7a2f-4590-867b-8430835ed1fb,454,11.941275501541282,41.05312042525608,51.00541325704175,21.046848649576333,4
54679906-40ea-4f39-aede-f1d1c2aa2937,uwsh,57.549206256243714,63.350844085020974,75.09635873745495,92.31640451475874,9
81823dac-de41-4e53-8236-c3150f605ca1,671,15.93702751040077,41.24943590580437,84.61616296030726,5.970177161782764,5
0179c89e-aeeb-4ad7-947a-70cb4def19d7,1,52.10525858451,61.932726729348566,46.80632146825192,0.1601794048287752,0
f185dceb-3403-4b9e-98e5-fa1069d62bc1,101,45.72020234313872,68.72863753870571,92.35037348940934,77.59765198689944,9
eb8e356f-2c02-48f9-8893-101a05f183a8,221,57.99637314793398,74.90995882476766,39.35787200840692,19.018427240717585,1
0f61df59-8de0-4640-a882-11c5de35c430,624,2.5934033952803803,51.09950583018098,84.97816379646488,1.7050984054627685,6
0d76a829-44bf-43fa-b09d-9ae1b383722b,egCp,78.7124620984141,20.006745093866662,4.30413149825516,38.44843642316091,0
8353d82b-1992-450c-ae4b-48f4135ad546,309,45.25406720182297,5.821732267553803,42.59140043060028,6.1829986878011445,8
c988acfd-14ff-4827-8f66-2be7ec83de55,194,61.65564494765204,32.89886324326764,82.93501486516527,78.41968144827975,4
58ce2ad8-59c0-42f0-ac15-c43c77f39fb1,63,97.66735679565376,96.18976490707404,74.78937216920768,55.92914006938463,3
5c2b0904-8e85-4428-9c88-ddb2e5458026,994,28.26052872118089,43.36081291081598,15.579450377728888,39.94203880115982,8
481e330a-cfab-40a4-a3f4-fe168de474e4,xyep,15.830947440773912,89.83316634243978,54.19815197600526,83.38720521060316,2
be986c29-0d01-47f0-91fc-0c1d3bcedcb1,bvxf,92.16539175397504,1.4803243811213451,2.1807453855972936,2.682561808414663,8
aa9e422b-7f6c-4342-96a4-b94f03461015,738,83.66764167806818,51.33267504717125,81.70301161134165,18.16121594820569,7
