id,size,coRE,suspension,thrust,weight,crew
bc42aece-e53c-4c88-bb44-e04dc5e68f03,601,13.448827168065923,76.97036457344817,32.584124796239585,10.866369230698304,0
2aa966ad-f04b-41f3-b62d-ab12599c7d2b,97,60.3689793866025,31.313637252560977,98.23786292276056,7.22997304552655,8
5133f375-f793-43a2-aa4d-d55af6f97abc,hixd,92.31325029179348,1.09895748685358,77.20824918621692,92.4335219218324,0
509ce141-618c-4f12-bb74-08d0cf7089cf,pbPY,21.884672842876263,58.31832560113005,97.09481214706692,37.521933665143,10
63725428-b93c-40b2-9346-4dbac727441a,934,99.4128387336658,65.23219873916855,26.560531085217487,1.824206181953736,6
5e858987-54ba-4d00-ab8e-ecd30d855f57,651,62.44553559486745,15.03469884396299,10.128914735461017,92.20155700435429,9
5c85bb16-8859-440f-8e65-c08ecf14e587,56,25.131511334801612,51.934860785490045,6.743337378059023,75.94317563702523,1
dccbacd1-6b5e-41f5-b891-02db3dcc62f0,229,15.455858699511891,56.26084089166555,67.37306743241518,14.044442670056556,3
39f7c62c-f78d-4381-8356-d6ba11e03acc,957,43.90611738728034,45.59187848493608,98.0234415104769,31.445907332068924,3
22012f66-8b54-4ba5-bc71-1ab6390ef361,17,0.2070374316843648,66.44082420604919,77.53003820322049,71.09950176639501,4
52f00d57-a70e-4007-a0d9-88a4d20e2649,556,6.548068937058094,29.57614843646832,9.798702021181004,86.98993147137473,1
202977e8-e810-4d52-8365-b4f123960bc1,335,34.64022616702365,3.478018147496864,87.35115974626515,95.37294400996775,6
55085a06-0956-4bc4-8d5f-31570577c663,531,59.30748166447016,65.68776672540778,9.978053882066874,92.69295141753608,5
41d6cd1f-d6b8-40bf-8aa7-f5f061f3c24c,951,13.752095108204044,21.222497581903543,62.56942996726107,37.418975901165005,5
b5116ee3-55cf-4c42-8dd3-da9effc3129e,835,92.59666795439016,56.8082894901762,24.287176964920054,24.504546246459316,10
5ec1ed43-fbf0-42a2-a140-aa6af280aca6,325,99.09975908734673,77.71191350363803,75.1130638727268,82.01077178876429,6
e83a6910-b0a6-4319-b7e5-1fbb75225776,409,0.3292480849750534,5.985397674034632,10.970623448789508,93.65219717386782,9
8819992d-8f95-4b72-ad93-5b10bbd174aa,nctA,13.240984689241795,16.306495333652006,58.3238319211404,33.34972748519894,3
cd2b052d-9a67-4eb8-bdee-241565275b0f,631,84.45590862926507,42.11915125465296,58.63880163647952,36.17983749820857,2
23517834-763e-4c10-84bf-9cf21ce16863,128,47.165425598394265,58.56614921131943,1.1298770585629223,14.668995621199176,4
ae9c1c87-7ad5-431d-9ec6-568e8cb48173,zbom,51.74613303510189,86.9559879274982,38.99173619468864,41.73898163218761,9
845a0c89-463d-4f19-a59f-a6a7e489f6ec,601,57.91688995132538,45.85494611424698,96.35485434525792,34.430012988004364,6
8e0c0fc0-207e-4820-969e-9c94fc9b2c1c,267,45.34231851082333,29.08342044124481,8.114647653109175,94.3607412935238,7
4c075314-cf8b-4b69-b8df-482b49867267,791,3.409382562258567,66.21046242699263,70.3798163456535,10.447564268201416,7
97b7f960-6af1-4435-80eb-431ca1cebb8b,883,61.03984310404731,23.67431364034389,74.86216234336662,45.64079435203207,2
b5be6e9b-a314-4777-8c72-c78321142cd9,329,33.43944828644021,89.64048397546986,67.14951321243312,90.01228519933456,3
c4574d1d-f4a9-4a5d-8dfd-00da7ad36919,Wuha,32.27945153601694,20.634436507839084,70.31981139877888,66.07631890400816,0
3a5fa0c4-f2d1-49f2-a6c2-bc2d0918a059,309,40.301807526132094,0.0150036091826843,4.032197425598827,35.92944464742948,10
34a2a647-cc44-4cf1-87d4-96d2da5743db,639,93.4332659483179,6.092710412835533,35.76392053430537,84.25223031115019,1
4f9adaf6-6ddf-4cb1-a62a-1a703686863d,575,88.2046481362868,10.918067387700958,79.06336515792745,33.74009010968811,0
56e59268-f3cd-46ff-9e71-d8b2c1f66dcf,759,65.46687409902748,53.50678206009093,57.34513724907716,93.7656731968835,9
86966a4e-c95f-4961-ad30-fef735d4b983,bwpn,24.746387226672997,56.95461472012354,86.06588410214829,33.22014108568191,0
9587bbf7-7bac-4021-85ea-ce0f568d7597,577,55.37685433993524,2.313301632369358,13.387778549608075,86.92059223191649,1
95b8219a-d90f-4814-a8ae-06de2356f05d,244,87.7565025501574,54.5296046509897,8.462583721908434,70.02530298114583,1
a4cf0988-239b-4e85-a9bf-cf226141c815,azui,42.46662409058891,6.26965394258161,34.79673524330157,81.75308647432742,8
22c4caaf-a0a7-4ecc-b267-1bd572e36095,719,71.70470060807035,45.270345642888856,68.57603327643753,86.9996605373879,1
cbd88583-c2d6-40c1-971d-f4569a38611c,Eoro,11.439305444355464,51.88360624457983,50.36878745302992,84.53455828534388,0
7be3d6dd-af30-4852-b6c9-7939d30052b3,179,94.92318303061678,23.364476016993372,58.04676262862893,83.20482129126141,6
c0aa2458-7d79-4f6f-964f-d51906cdada6,ujzh,90.52473636178964,32.71267131540725,78.98320651615916,45.28976474046152,1
e32764df-69bc-49bd-b016-d44891363b64,721,11.750857137205106,89.56294085635236,78.36119858692197,66.29678407356421,1
4e7f80e7-dd93-4427-87fb-3556f654dc2b,783,19.862291420392943,44.481368776879805,66.08610603948817,86.35932225941929,7
b0151363-6054-4924-b5af-a487a853bdf1,483,6.562989763546567,69.04618180693579,23.40739630924754,52.80350485964856,9
a988b0ac-3824-4762-818f-4e168fab2e45,ybod,43.76468073250648,43.45322566606866,4.839243781680402,41.77498116531944,4
626e80ad-68e6-4d5d-bf88-6151263c868c,744,68.9900817617999,83.56542215999109,82.44009531268017,96.42739643213145,5
a76ca106-f205-46ce-b108-8b8c0e47c7b9,mde,40.36187698406102,43.56736183345343,19.455550280831368,83.23516364180803,5
a8d27c47-928a-419f-820f-0c140beb1dc9,103,21.216362533676445,91.9088629407385,54.16063198842449,3.528195427688141,1
928d655a-c8eb-43e3-9ef5-20a20cdce8ec,rxxe,41.25282639012272,86.73896408823903,9.436963328184722,53.49402913911786,3
f7105037-1d94-4a87-8ad4-f33efffb53f6,yGrf,24.13072668196008,8.10406009229313,45.22511317089866,49.57859416143873,8
ce6f52d2-f5be-498a-a362-8774bfbc2eaa,615,26.727890596788814,48.59914497421535,48.46761382783914,71.93408395624941,6
38d34e73-d181-4d5e-ad9f-0ea5b67a38b8,741,71.3231236953908,90.87964099534597,15.209977266758145,22.821660842344127,6
6bfe2d4a-5c16-427b-b6df-547523c33e17,260,53.06562599106633,72.04626395523267,89.52956965328845,76.50491697279868,2
6b2532d0-4e38-485d-9810-3c91400d2a77,ywzz,38.54641540389933,32.21225527473363,71.64836298976086,3.0047784216424622,10
8de0adf4-03b7-4043-b187-09305d2cb477,499,35.59269965804479,37.82540416036024,91.67370160205336,4.825420841647365,1
e4eb4eaa-7316-48f8-9e45-2913964b9c31,phik,69.1766065815918,22.081416927235036,2.9304614823330244,55.16795514322379,10
f2080ec0-3a7f-40f6-8ace-340760b264f6,682,30.459334176453,25.845918052901297,43.10042409058836,77.02145130196885,1
52765484-ac72-4102-b590-bec8df34de54,283,1.4552446217469206,80.86720547870863,61.20510786000568,73.59047652540521,2
0f79ba69-a4ce-4f3b-9ed9-65789c6298aa,12,98.94588824341828,56.10633324914512,85.97075822118457,28.626246468454557,2
549a4e6d-eb5b-49be-83a6-3560a25609ee,577,19.87746360808479,35.25069635743567,10.015171927914343,48.73125722605221,8
9247f08c-c626-4e3e-8d18-50211938c6f9,800,20.956035297456577,46.065415490264606,12.842181740096226,93.92198468538068,9
51ec16e2-d851-413e-9934-bebc206c1a72,973,67.694711936476,43.77834813507411,30.699535179884684,8.37414478969577,5
e4969220-a351-4738-92bd-907382f436b9,404,41.25121146088608,82.45001023609785,80.1706929614045,57.7577283391264,3
473736ed-d1eb-4d98-b23a-bf8c9df9cee3,642,23.04683125658683,28.46392811041385,31.68122613436728,24.729975166108897,7
d677d676-5a0e-449f-a709-4331c09e74e3,535,58.4102915065082,25.40162683458761,24.8632205691792,17.54363814963552,6
43977243-7894-47dc-b2ca-c4bb4a1527bc,765,25.480416677917194,5.255102468900819,91.17796915874555,69.36103811266254,1
fe1a9a61-ec19-4ae8-b340-0d355612c718,960,31.77708793440473,28.61597418096021,60.80448143879861,51.47945776939876,3
a6da5c04-ee1c-4aeb-8581-98ea4987ac84,847,8.990178857710463,67.12337083149707,2.25787175063874,90.69107535566135,9
988c5781-e04e-4a73-b4a5-3fc0fc99dcb3,531,47.30822533998702,68.57325161196333,26.02311897044388,27.959515791159628,8
0fcaf85b-f0e8-40bf-a084-0c5a8ba976a1,vnnz,94.05443741707232,93.13271431075415,98.8710191840158,35.76187981812401,5
650333c0-9cf6-434d-8138-23c73053e054,351,50.79742826008453,7.404252429829128,50.211693638262055,16.608531067666256,6
47790ce6-8f29-43f7-9b0f-ffe4ee7e2540,307,47.442951081137565,21.063620903895277,73.60306285018338,76.36436247001144,6
e9a33d42-db87-42c5-bf4e-05a4c50abc7a,429,61.61017633084792,7.95574191245424,6.012032212567209,57.96006380106897,1
a9f8545f-13a3-47c9-b0d0-8ef01ca24e59,238,19.151073603733597,27.00430219013396,95.54658990753876,90.97778561112156,8
17f5e484-4eac-416c-9a84-5ee1f71c69f3,999,4.22064876641689,66.66141169203739,79.86001677275952,86.18653845444503,3
25cb0755-d8af-47fc-98eb-abaa38d3c29b,okki,15.849922656936489,11.037402589236056,15.08321687750238,84.9240380100277,2
9627436c-e742-4d7e-9c8c-6baaf463e92e,393,68.9307129806688,43.898156623941865,25.193755121342043,41.19428726025768,3
f464c03c-bf3f-4d20-a4e4-7a26bb34b915,792,62.46921279262624,70.15807187145047,29.502623681754947,85.37646930338931,6
f1301def-0941-449f-a525-7239211b6fb8,640,24.51509609170487,77.0687217837849,98.29327925082784,62.08600089075621,10
f8eec93d-66f4-4aa2-815d-189fcf7e8762,ypjY,45.57158272013492,12.780304394997067,96.9957597797347,18.17701777880484,8
c0c40751-1297-4edf-9b06-26fdd041a64d,652,40.307167803787344,31.196044741551898,88.44521092259214,0.2579233634974587,1
c8890641-2466-48d2-8e89-07e6adb4d358,786,62.49972623698231,50.49338944754014,66.18915352882698,46.81435520141841,6
d604cc51-151a-4e33-92b5-ef6a2fdb98ff,rhnJ,74.57257443802004,64.10439930141402,12.165402506696,69.36321553873447,0
4f5f54bd-40bd-4fc9-a396-5d00ef277eca,591,93.37957481440726,45.17389186726001,26.730655085191454,28.76009374379952,6
490ee064-52d5-4545-99ae-99407775251b,31,12.771949102130607,32.867448709360104,57.67601246024034,56.72947467979187,2
64bd50bc-a174-4376-bde8-dc310269edaa,598,30.96777835747332,28.616605628472293,28.29654194472956,37.468169796039696,7
979705fd-9fc3-43d5-bc74-fae4ce831c53,707,96.95808437597331,22.76806522332093,93.88205211990072,5.496523463379688,2
6c2e42c6-91b6-486f-b354-64d9f0884f17,652,10.216799808479514,84.98706554622133,30.484625409386343,2.623681094281316,10
acc7107a-f1e1-4982-bebb-af2ff01dc5b4,287,0.0532184069424124,3.869676369200603,76.9263279078043,5.856872670388846,0
3b61dbc7-38b0-41f9-8e31-ae6e6acc1532,398,45.15164219958271,24.829805568754047,34.834800240842455,64.18769228197739,8
56c0414b-4e95-430b-bc2a-be714e50ed70,585,28.254070040757384,77.55085769761219,13.782374008308327,42.40951003838524,7
72bd8a24-eef1-4715-9e0c-424a0f0977ff,767,57.58823002372324,55.74983700288024,79.68954735682287,42.20845636642593,8
6de15be4-a4b1-4b97-bcba-8e7df2c88948,Cuub,1.804141799932013,88.78943297260777,1.3142320947717612,58.38409056220547,3
9fd4a665-13cf-49b9-b391-44d7c94b63ee,395,94.36691128412058,25.949537060945225,22.1991824645808,40.032169250049634,0
f0709715-0327-4da3-8688-e10c780d63a3,styw,89.98145674804434,79.6205453087019,19.64240496529346,63.13037878183449,6
361e24cd-cfca-49fc-b784-d8b314d9a5ca,864,32.226095681618474,9.28681484081687,3.455719802632473,68.150662815004,9
582b6782-a88d-40fc-ab25-c4fe435628e8,rpMv,29.221193157092085,21.771314518109957,82.0753869774254,4.241991366023246,10
a91b011f-f3e0-4a6a-9be5-32a32d30ec77,718,64.42939773162915,66.74541149878348,58.11297625819981,97.74112111461731,4
1cdbd4ca-7c7d-4b6a-915c-4b7fa63f2a43,898,3.9803755912899854,86.155571412542,6.047241937651304,61.866945258475525,2
107180ee-4313-4c1a-8b68-8e7209f6ae55,nnlT,42.367993024745786,29.04467818879881,33.88508425154851,10.754561163745002,3
3eac9733-a83c-4fb3-95d5-d99825d916f7,895,77.79809585430368,43.85514547705973,76.63056755134005,29.63881757217105,5
90839301-14eb-4770-acf4-e3ba50624a0d,47,25.83150061970374,82.54224827132435,22.042495953734942,5.617487690811263,5
f77b3ba6-9711-4394-9a3b-dce52495af4c,zkis,70.93075658510372,38.64258296320156,22.017741606974877,94.51391343414456,2
867b742d-0d40-4c25-9350-0cd6f4ec12f7,367,70.74820177470407,15.637918199385537,48.74644865045554,5.972221513443044,1
f80b065a-c0df-450f-a08f-74cdc3f0b1b9,441,69.10264809377158,7.399871973721339,25.528665145176188,91.37662383257737,3
7b22c185-3df5-49dd-a5e5-91843b1cd610,xMdh,67.27861317427309,38.84476429711241,53.19916607266271,87.68870852015384,7
735828a7-64ec-44ee-b72b-bd072b650bea,307,55.23670134515928,44.24896983306771,55.87343207092302,75.56945016118456,5
42474143-f57a-4edd-90ff-d10656bd931d,Sejn,49.63165945306402,67.61964861223147,58.34603902224804,73.6739151896377,9
829d737f-e0e6-4f26-93d7-b26b243a7813,926,61.26028739560532,64.67720945005128,19.9493007345537,25.381354977625847,4
eb57069a-d572-48d0-99a5-24aab3817955,53,50.04761193130055,42.97522902038777,60.12218611573258,18.44754795094905,5
4faf3e93-9c8a-4f16-90ba-0d9a0773441f,799,58.26111477747366,67.46466706849307,59.09439388101146,1.640482265151344,7
e9b854c2-54ed-4508-b9f0-040f69e7f55b,889,43.372656944617546,41.91714417342472,57.90294988316439,35.453186899793366,9
35e8966f-15e7-44af-b364-24e4e7367742,943,77.43738243780001,65.53096705510268,13.325775578762322,63.37906616939316,1
da08100f-ea3b-4f3e-9457-ded998733e49,479,70.29675721708743,83.69573952874832,36.3565492587701,87.88567617403103,1
66ac6b1d-087d-44f5-bb3a-a34279132b6f,333,42.31206405057054,83.7081806423053,0.1660237658158259,83.75081005803827,9
0ec76100-d708-453b-b45a-1e8f90706fc6,148,87.19599584298423,87.73963388583672,95.43014775687608,85.7038549174774,1
500f3f23-303b-4ed2-8e56-47509d57c053,894,7.864591063154858,12.092353363481134,33.204321744902934,84.87182308042759,4
b7e640d3-d000-4505-9a41-1247612de39f,860,37.10269963546838,0.8202594191784263,64.66453875766035,68.91862644678542,7
a85c4581-c256-40d7-9f94-4ca356361f60,375,73.46117473513824,27.84939190331215,67.21475547311425,25.486172073207992,6
28290b1b-05d4-46d8-94d4-930c2f44f64f,754,54.703139485257125,35.603485957954184,78.64234099281401,26.70295990831597,10
f29c3394-21c1-49f5-85e2-62b22d925ef8,522,31.734712599131143,2.791082829442182,23.15515960094121,7.809895231393959,3
9e632fec-e326-4aaf-950b-ecb2aeaa16df,136,82.54255788207388,76.30322499274513,46.15664125581315,76.33410777144844,9
edec371f-ab26-491a-9369-397dd8f7d609,492,51.67010396483158,8.192212214700067,83.35658339300817,96.74135664135468,3
aa9fc8fd-8647-4728-8955-1d2124cdb67b,712,36.4781273720717,39.749976298671065,3.637059189147218,55.26567774102059,2
75a3648a-ebee-4c97-b882-d1afbad05216,290,37.14186572143131,41.34776528207888,49.25678186014096,82.10224626913276,9
19ee2960-5e74-474b-9705-7dd77c8976c8,85,62.185604856013576,56.135423900847314,98.081052118098,22.79593332692105,3
93965905-2b87-48f6-83e0-87b001392eca,923,86.21911772763146,9.309517953733526,49.80893935187191,3.2114714714625348,2
98cff301-de98-4820-bf61-d9631fde3005,931,34.89291583371556,83.31247419240138,7.402901682506425,6.973575051162928,7
3c3c2162-cdbd-4165-a8a1-48d6eab7a9b8,880,71.9353956669504,46.702530375131765,24.050315132391887,1.9947020542906424,7
f494b3bc-6a8b-47f4-bb73-52af3363f56c,302,43.972356426496006,40.81260880581765,93.87026003719762,79.23081412119865,8
bdfc1a9a-a6ba-4cab-9a17-5583a793df40,Nfvu,10.134933588311002,46.24762203036107,61.46983010784454,0.6603710048678102,4
bc92fc2c-42aa-40a4-9929-699094f1e2bd,268,5.274813176910942,61.52958108771082,18.294396753006502,62.47828685576573,3
807bca2e-26e4-4853-878b-01958aa44423,184,83.21627138763746,24.414162734306377,50.54792582032059,65.25250250378963,8
81e5c294-7c03-46ee-9e95-d3d48fc1f17f,rckn,47.679619476321655,93.77217956723088,65.41427902674072,85.93511813528694,0
e3b8ef29-8ced-4048-bd70-a33260eab488,812,43.57346307733366,99.8339420062075,80.99997306693065,72.3492621761038,8
ce62106d-80c4-4d2d-beda-351232ac18a4,194,16.54669348883415,82.72724771395107,77.25595291841721,98.69385973124945,9
ddfb5eac-fa4a-4e37-bda1-fe36c7300b54,667,90.06845586584929,33.64879807842615,80.31258990884426,27.373890892493137,7
b1ff8ec8-e1ff-43c9-888e-53b48b5be5a3,623,16.429153799655317,99.16939778252438,30.164786183519237,43.47382027447404,2
4f9ae935-fffd-4c35-8a6d-457fe0f83c20,743,60.364394545879385,90.29574726725204,77.21424324650313,80.74478448084122,0
509c79b3-5500-430a-8408-b15faa587cf2,228,37.53338479823943,76.09760488291761,12.8673632529257,87.39819155852489,0
efbf8967-2b30-4fd8-9918-0e5d5b0ba267,897,44.93850886845539,45.55926752572316,64.51287938474431,85.71885647736795,10
cb113fd4-d410-4bca-94e1-602384eb8df8,120,28.99755099432412,69.51941115165793,97.24784172333642,89.46827398959186,9
9f9637e4-a9dd-42b9-8745-f3e721b6bd8c,333,71.30625376284792,18.603706551606912,8.51649321129857,89.2533366667447,4
3f7b3f9a-1e0b-431a-bf45-c9adc77e8f66,bdxy,90.80065444284394,58.47111211789661,10.739214585918631,9.85218578472301,0
6aad2e0c-fdc2-464a-8993-77fc9cdbbd5d,497,23.547376782479837,59.78968750472264,35.32461202117603,73.48123295422768,1
b967a519-e1ef-40e4-aadb-531f6bafe608,21,32.58061757137077,14.765271821480995,59.35813102189458,61.33557632511719,0
1bacaa36-80dd-4156-af61-1524897f56f1,cSbt,24.851900363302736,93.91481499069172,27.12589680086498,58.77085700079589,4
aa8a8f66-9969-4f24-af54-947e4aa82df3,7,69.43059863662113,96.79240128935884,68.07450892731185,21.653559662894395,8
e4f5f96b-6487-4b87-9e2c-1570bb54931e,655,14.661855502464372,90.36910169271496,54.68579298839793,46.05298640113378,8
2a02a467-f5a3-4d81-a1d9-d1c887f49f4d,574,38.39874835476439,2.507255581590884,44.40991799123461,74.98389458610546,9
8922da95-61c0-44be-ac25-9a5b71dc8d93,590,82.59357845407759,25.54942807012689,96.56068005403156,25.36148909538649,5
ad6db5ac-ba57-4657-a3fe-5a1c589e42f3,90,66.89358869292862,24.96868657926067,82.69208539592535,76.55977277259058,9
282799f0-0866-411e-ac9a-6a7b148f58f3,184,9.12786873056356,14.53350403148952,74.06383837163952,57.046269499165504,3
cfd14e31-6dc0-4722-b652-1a437219d453,158,42.921895502588114,0.02492440642059,67.10461161578417,26.926253245255328,6
83dc5d0c-d97f-488d-b281-a5b3be23b6b1,338,44.347605752752585,71.64941448077921,76.35473138259074,69.97148674162464,2
6a042677-2e1f-4f24-aac7-f710f79578e5,547,96.3019858533753,6.22854933019884,81.71254707292023,76.1890912131049,8
79b958d6-686a-458a-868b-50190e8d0639,dvqB,6.119420428940581,90.2958349360394,92.9181742522524,95.96953767683785,1
742d7092-42b7-447f-8069-efc3cb131e83,89,61.5677825388443,77.50791571475229,87.15553349444254,93.960662284881,1
56d08938-9b80-4843-8574-9616ed9f130e,644,89.03031637970494,22.25130159864504,80.16318453275296,44.90967142173453,10
7891c2f1-d9c0-4270-8478-107cbf85c830,sdbp,50.29809054040848,78.3425092701567,15.595440065009312,24.639695383892203,0
ebce0305-a790-4d03-8c00-6a693fba354b,970,98.12371778233587,35.36853268038816,87.39395631805226,79.52832414461159,9
266d00d1-671f-48ca-88a8-c9756d3af1a7,538,10.275631522251684,94.15902712823848,22.326479293616615,33.78986386353014,10
1a953f39-c4e0-492a-a5ad-3959ab479903,mQhh,97.55240577757148,98.19895933159538,0.3798462051142315,25.49733089696844,1
5b5413e3-1cda-477d-8181-3a4950a1f0a6,800,67.30270143061045,26.970254215864653,21.7710623553362,95.59092592368916,8
916b65cf-a091-44f3-96ca-3e22e749ecdb,945,42.526239172774936,86.20733322540238,10.523720064626165,5.390144297289556,5
8cefa9c8-b80c-49cb-97fc-4c888112d2dd,scuU,11.94482916962406,93.16658854690807,11.215702879677425,56.16856421930855,2
a0eeb213-f39a-4876-9741-e7bfd59f0252,339,14.884561175875966,94.6697917171836,29.585103362946075,80.68076467415123,2
95d522c5-f8ca-476f-8b43-3a279b93994d,138,77.76898719596078,93.34911773904489,91.65960752270888,43.67447049649198,8
ad1b0c67-d606-444d-974d-6d72b6d717c7,594,89.78807753940963,34.98069210564704,64.35217096009521,20.84300434679276,5
3f0e195d-feed-4939-9bfa-e6da2067da7a,865,90.53830958339243,21.62292462061496,22.99205600772813,80.15398018594935,4
28fc7b0a-cab4-4d48-b052-c22eb75aaace,362,98.49944538060208,92.28890136258428,93.92030108286076,66.77583994542067,0
0312a688-3c1e-4251-8d60-fe421dee95b7,oyTZ,80.49460614196087,53.32868491203861,16.381279375698266,87.89363700284522,5
51f01575-f258-42e9-8a59-a89ba850284b,258,51.07467472264293,34.358313369170325,52.60926446957285,74.23943348005506,0
4982ad59-ecdf-4201-9866-35dd37bf2b7b,36,1.016845111376807,95.85188559364556,56.05593339110819,6.472248170618256,7
698a42ef-5639-47b5-b94b-47de4c796dac,689,37.576562989419735,7.868900734478257,19.13390848332177,25.17817481713275,8
70a14f36-8f22-4b37-a7d8-313ff3c68174,564,46.448588832800354,47.50377319811274,28.945596237277005,79.73030363239705,4
85a5b6e8-2187-4a1b-a2b4-cf263e1a5576,495,1.866255107477344,5.460602315206653,86.65784895865741,47.19058326290389,0
424dc148-9077-46f7-9e34-dcecc3f2347b,856,30.61211058490355,27.98746380273406,68.47662783147464,52.60295263484942,5
2526efe8-00f7-45ec-bb60-28f4a0ae52b5,Eblq,73.615698400877,47.66079904226693,62.44986450395324,52.65555345303393,5
3cad3199-841a-4b86-89e8-9d3071b29328,782,74.02587460096125,1.932876333309952,35.57849188887987,82.67311995006204,8
34f90f7f-0614-45d4-a447-dda91ff3aedf,61,29.25977916707241,65.2789443157388,32.4082674151819,0.654551245856505,0
1b572e3b-b8aa-4ed1-ab96-c5de18c894c0,xmzn,22.919229171828796,42.88695637330813,75.49090776461014,0.7514025961263382,4
e2a2978c-33e9-4773-acea-c3d6effec352,816,53.10556964651182,24.912032127177987,7.937339768362673,97.03484140201108,4
3d53ca56-f2d1-42a6-8e4d-c5ff39bf9b74,ddvs,92.32835541809705,95.2114891858146,5.905541469172137,66.7010425246062,2
5494dcf9-77ad-40f0-9725-f6646b89cb53,527,61.95429075782256,32.85631651653964,33.540947922768794,88.39828834995306,5
b92d8e53-020f-4259-9eb1-6d5e4112de52,563,98.54975396263464,61.6574928633799,74.24330824825297,24.28990403711272,2
8b6c6eb1-ec10-4b51-89f5-df1643f6f065,436,61.92472343235473,93.37473613597668,6.339136050550509,41.76052448446951,10
80f2b6fd-c884-472d-ba95-f84235b851ed,540,94.7033900146512,80.005305522284,56.1622348560273,53.26880742987618,6
04e70986-7a94-40bd-bdd6-0a564b6497a2,212,57.44476449048489,76.29904493740047,3.5537594698750508,50.64854915268292,8
08469298-ce63-407f-afca-b996f0a9e6f0,429,73.40159062882857,59.87709610638758,67.14638701435945,78.710591165453,9
9fbbef6e-dff7-4b62-8a96-656ccee897f1,665,57.324251738434384,66.62664510175435,88.17705690150738,7.310572439946606,9
e9f8e2b8-e6cc-484c-9ba1-a7769ee4e933,fXXS,85.98902693528942,42.14534950527262,68.6393730735502,25.125036977360004,6
d5575478-c3c7-4a7d-9cbc-f01a98be53b9,336,36.66138277584432,28.765934897575484,60.64387778278609,45.90628913067022,10
ab0960bc-7a2d-4c69-a4df-8d18e766951d,430,96.1098366515666,48.31362513779557,75.39631391959873,3.689654896147154,3
89da7e8a-3eda-4b77-aaea-0b033c3d891d,189,46.46961645300179,78.27700592975505,58.0010748327005,27.010138578272745,8
49ffe53e-d59b-44a3-a458-e7d701396243,568,94.53094741561344,19.710982935560185,37.31145861329009,17.51209972289506,8
3f31b97c-7d3e-4270-94c2-a490ec81ead1,245,22.555922863768163,76.08701696835959,9.783996557715058,65.37842086875251,9
92ae489e-6dea-48dd-afd7-1ba58bee1b86,795,65.50782937596249,48.32278919571456,61.768168447616425,58.7508528393164,1
ae5c2fee-fcc6-40a7-85d2-9c50a3b61447,186,16.370168264780837,65.933390508456,93.06329492689774,36.93804158044769,6
5d70d58c-f94a-49c1-93f9-0f5e7e9fe173,661,55.298808038816674,50.4536934127343,69.52669326058127,35.37943096837316,10
5f882393-1364-4417-8b25-48a8530f433d,hpj,6.993325546771867,53.549731588085024,26.6828990400665,62.89763383214184,1
1638bd6e-1293-413b-a2ca-5f579d42cbb1,369,54.94929362106256,27.000698228168183,6.461146970045306,30.44471507384292,7
8c8631d2-f7ce-46fd-833c-eaf95bb144dc,xHti,45.84416382087565,16.18368719982356,97.138667179947,0.413997921715048,4
32509fab-08c7-4880-bd24-513b26bb906c,450,1.9060511834309457,6.432689866585351,21.56958000134897,66.4820800459522,5
8aab2305-8704-4f7f-bf00-5698993d7968,3,20.3602129258922,49.27913179004884,79.50202724722348,37.5013555259366,8
bc0166d8-4264-4df2-9cda-c425f0423d80,862,46.96514055673594,4.594457868358004,98.3744278024242,29.58042088551871,4
09fa54cb-0a6c-453b-815c-2acc4039741d,567,18.27898042052917,26.42684896744224,20.50899935667523,9.030012488211325,0
395fb7bf-5509-4b3b-84bd-e2799be0483e,210,35.71357380748436,70.32938498570942,11.64177104163626,11.069745156642686,2
602c1f58-074c-4017-b06c-aa2289cbebfb,741,10.479498245049424,42.489017841645314,33.75513024450439,98.6190867654268,10
0142e9fa-4cb4-4717-a971-3e9e0c307752,134,5.3456739776226,72.40347531157887,38.68672406897529,15.277248929282594,0
65fecee5-d3ee-40d8-9a6e-f65fbca279ec,434,36.67511313027889,54.5639500488409,86.93229529522797,65.95617397708399,6
d51c521c-1158-484f-8a06-bc490bfa4845,289,73.07600833552583,95.74496622552626,20.966086145827067,33.295677538955445,2
c6fed3e8-fb09-4623-8de0-81e5e958ee52,topf,66.94419503104722,7.073493985059775,83.41662214160905,54.16017214830627,0
c23c4a9f-cfa7-4150-91ba-92cfc0957647,488,90.03691938481902,98.8107059044777,42.54822059444462,21.84594787123436,9
8699cf7a-d671-4436-876f-31f891483730,19,24.837653686741334,61.78019888854568,28.20593303717437,57.038428190811786,2
baf0afd1-f956-4603-a37b-60f0cf1c3f0d,134,95.95098979151877,32.18239808411752,80.45231192329614,33.99076324945789,8
f1d86cd0-03c4-4a54-b085-16d28a5a5b52,fqcy,20.155861050665536,2.3709092174480584,0.8870000475258544,76.66421778793105,3
ec5c9c40-f93a-41ac-8e5e-ff6b5701c2a0,968,56.56534780391318,95.5948139726288,94.4339288762378,86.81780748072214,6
cf6419d0-96fc-441d-910f-95dc9527ed68,366,88.63005905427455,89.10563731522834,3.956338506153256,49.74114544699388,3
4d878e42-afd7-4c7d-b714-dde626727dc5,165,69.44265288754428,64.85807587494104,50.15916117181815,63.961911283686014,4
eaa91673-79cb-4ab1-91d0-eb15d9280a6e,730,45.31388492936491,42.28948579533013,74.00131792595444,45.31540582777198,10
9573a7ed-71e1-45f2-a503-901662536c37,223,51.77012160152909,42.19432139562053,51.07785164481419,82.10147190760567,9
8ff3752f-e09b-4243-b793-a0c5aef1d492,869,25.155999701329247,98.34693044812371,25.21288717393635,10.70902408315899,1
fa32e53a-5930-4f0d-b32f-d715bfacabf6,353,3.9980316538018257,26.083856935427285,81.00349980013311,87.74872100978699,2
50e95591-821c-48a3-a760-5c24810b0cba,97,14.425719716836928,96.13506591392516,92.52281729375228,34.56943308813516,6
191a4feb-7b60-4c00-ad70-04bbbe482cb7,740,97.79099674733172,94.85940442006718,59.0389307011579,40.36969404146821,7
82d19bd9-dff7-4d08-9b83-e6e51837e8e3,jacq,82.64090811161378,63.148349195488976,26.153136637847076,15.736469991522585,2
7213ee09-6796-4761-b743-2d9c0f4b82ad,lnxq,60.61721669854117,98.5738359005655,23.75414241243623,8.474996640619526,3
0c048fa9-8074-4b51-a24a-85d0b48ffd82,rlyp,40.34959368378171,98.5444448367722,62.955568115851214,59.48299817811738,2
b910100e-45d1-4fef-857a-cd43aee3209a,955,45.6408982932467,43.21801720244854,52.91283335994132,76.97853169579605,6
6ad35ef8-09ae-470a-a6ea-7b6037b2a386,493,12.572428248478351,7.185359975478411,97.07531257906828,20.82821312454499,2
e922b825-cc67-4b97-83ee-682beae1beef,919,52.52106437224543,63.41301647441351,30.188813880389063,2.3660593621899872,5
5b4351e7-dc75-4922-b733-eed289a2cf4a,533,52.96450670307974,33.71748866203292,83.1089055158525,89.97820985005774,3
c2e82aaf-e320-450e-8e3f-e693373d3f53,566,61.31109186714768,13.933905645623012,89.65724493222366,5.801963363135421,2
edb41729-d54a-4080-9753-c8df62f7a1c4,szHw,86.14986712750849,13.448734905159265,33.435946459227296,20.51626905477304,9
b9b3a662-5091-4cf2-ba90-f822a746a40e,761,58.957043762752335,72.45680763157533,73.46154674599674,92.4205555601757,3
e60395a2-0fa3-43b0-acde-07fab798be2f,186,6.423257505595514,95.73889864973933,22.28641286815164,66.98778277922163,6
f55526d6-b41e-42a3-a113-67ec65850ce8,570,79.78172615668568,69.8616902092769,80.5943085816384,78.05242730000256,2
44339e8d-1126-4163-8183-fb0b04a5fd0d,954,19.96606057774205,22.574745573840183,87.37531279670895,58.81947056246102,8
4d1d0de1-e9a7-4758-aa0b-6275aa581ad3,22,37.009906906497726,2.225083669695571,67.0410418313777,85.30981595721532,3
eae31976-d45e-43c7-9642-08b6a6f94c9b,713,65.51052700680162,99.22237854426118,67.8891754236389,22.045108793876626,7
34accab5-1eae-469a-9c1f-a80b03b6dff6,438,47.18500673790948,65.08046715421891,26.50908741316976,79.72089396278903,7
6c4c2056-c25f-4f5f-ba6c-cc3e321a6300,991,55.40308006681265,30.411483455873743,40.88188358289662,15.775709289144435,0
f3fc02d3-36d8-4c48-917f-5810ab35fed6,ealy,78.45866559138096,77.95727859670069,6.082244323929464,48.94031823375571,4
b3f4b3d7-4a93-4c24-ade1-1ad7454860a5,273,6.561916778252308,80.79524621943119,56.80120280041101,21.827207397540526,7
6c3a327b-8635-4c39-924a-9a2046e59608,216,22.06452454069624,30.39689534474173,82.86138586949203,68.00954885520223,8
7362730f-d6a4-44a1-b8b2-471f1ed45ef6,710,38.36441998222404,39.35298246112436,60.56711259485746,14.304671134396528,3
22551977-8196-4944-a89d-ca5b477db4d2,732,49.65236214361836,43.4903705850582,33.32938033025151,64.82252487964801,8
6a54a35a-6ab5-4629-ae70-fb0159af5208,665,6.384185331516489,7.331342768965865,94.34430403081548,77.24107092050431,8
024243a6-3add-4693-ad8a-0c5f86f3e11f,491,92.1603720249004,41.64148315337533,95.33015815512547,52.031400096246095,4
e8b5c4c3-8d42-4f02-908d-3fafd911c4ef,710,79.01457103138134,14.431654387043436,34.183101669223284,78.7458768178202,5
45a3281a-d7f8-47af-9478-0c715d121766,284,4.760926765085138,5.105635929101027,90.91870528841164,30.54882755718169,10
016de07a-037d-4ea7-97e1-528d8999771a,kxfp,4.012866878245447,15.202692267467445,27.44966169005536,38.1425547134617,1
000bf6d5-82fe-46a3-9537-a57695753675,238,96.369797554496,11.793859172667108,20.35574559187908,66.17985511562414,10
e99d9b49-e34c-4825-870e-66d1f1bfaa3f,wwen,88.56763339870145,75.48644712293314,28.05008100575536,4.14723074960428,7
f461043f-05f7-4fff-a288-80e0481cfa21,471,25.49125002771128,91.48639582222452,58.1705566192948,87.13262976329139,8
84ee2466-3e13-49bd-b5d8-0cdb681ca929,345,90.97845004081636,3.6977496159005474,60.1713678406438,82.39970840823219,0
265ad4cf-cb07-4588-8b09-8f478fb83739,718,76.22120000031335,11.019034297172611,52.75770350163451,5.5347501275408,0
d29c70ae-add7-44e8-a3ef-aab4e799d3a4,600,64.54010074387114,3.7785188107943735,83.02613827620503,62.370381636525,2
2ae011b4-1d75-43a6-a504-3ed87d92726d,kpVf,33.85462611410519,92.50878508744198,74.03183230678529,53.39462043335984,4
ed327029-a90e-4587-8a7f-b2ca63b5c16e,120,39.50412359880436,62.1825517185498,65.11628928398859,17.783585670411494,8
bd999ac7-9132-4701-870f-a424004b581d,755,26.44642470151752,55.669787389919854,72.82646950513919,27.631465642583176,1
d4451123-9aa9-411b-ab96-95422f78957d,BqPT,48.66885329931956,32.946417541253105,95.81024758506926,57.21337874636693,8
c395789f-7c67-44b8-aee3-7157ec40d3e1,162,46.33507717202876,92.21977633298032,98.15772226026714,61.67890630528963,7
f19b7300-ae63-4821-b15e-106645e4fe45,753,3.6883066476116055,69.91144783366124,74.64895722304895,96.55505060714316,6
7db94476-d17d-4f91-b191-10896ec0196a,syFv,18.3532777923364,56.48108653830436,48.10426653284774,3.2078403137586364,8
5036f487-d581-4f01-8f18-def74e52cf39,chks,84.41538161770356,79.93711505580417,37.365880586297465,44.36096794062898,8
92abbbcf-a800-4dd7-b099-31a6fb347763,469,47.22057952714292,61.30381817910114,76.8081613579695,48.26661491225715,0
ff715047-54c4-48d4-92ee-16a2fc0400b3,300,66.2551223224557,44.23943787148438,42.91511567587628,13.450639991457647,9
c135b16e-07f1-4fe2-81e8-a5cb431652ec,429,86.95358859648991,53.47249911748278,19.438003949814263,58.74077632957317,4
7ae57040-5a81-4c90-aa60-8f8d2610a54c,cict,75.42859216008351,79.48224357791975,14.095805698705687,55.05780346998532,10
e9cfefa3-6867-4c08-8477-8a635ec9be23,120,95.70604987698908,79.06541146417284,24.423673706567797,53.23670800886372,8
40e49898-6f4d-4a35-add8-f878f98369de,dyyr,52.14749839928759,48.28771756218677,61.34819764981896,62.14488372134944,1
227ae4d0-78fb-4f72-8542-03b82fe23da3,263,29.351379475173257,43.01928289190299,82.36853642089245,32.778333030044216,8
3e97ecec-dd77-4824-9a3c-0c350f6016e8,382,28.130544992201965,64.95300878487834,53.01123657559849,60.486159430315055,2
68e9e837-1588-403c-a369-acf1da7946e3,943,83.35707905256595,5.770442792139141,51.87790991894046,34.12943152497762,4
b4bf68cd-b8d8-4248-9fa1-c0d3d69c4462,gumW,75.48605999603078,71.28134029175997,57.33153776782365,95.29918079620138,0
3da897c4-6c2d-49cc-9451-ea9418609325,dwos,58.514409442668125,54.00865007309326,71.91666910697182,24.29505693980677,2
ea902cf3-959e-45df-bdab-87363c32420f,933,33.139470632948075,11.793586869925177,91.53516443987988,47.28628640049713,3
b05ddbfe-b8f6-400b-90a3-17b2b0d2a805,antm,15.576249399415598,25.408613025148654,19.698603718395447,35.79046286136324,6
27b4819f-d424-4c6c-91f6-b51d58abbf91,486,57.97419287520431,55.77932325056686,99.83821259651472,41.51324342183295,6
fb1632ea-a732-43a8-a0d2-b738a8707cb7,253,23.491033481724443,49.71404979125276,27.11883820491647,57.19610567442482,5
4678eee3-c26c-4ea1-8905-1d3d2ba608bd,879,34.76665027476699,69.64974215092063,8.177076703517239,49.45660651045928,10
f0759533-ad8d-4ac2-9ad7-781ebbc35708,971,44.32113025874127,90.78795889818012,70.65953208805081,53.775602619828014,2
29048d1e-4466-4945-abd6-87c7499683a6,412,71.45002156666551,34.76335963285735,99.90151235091857,2.4970142360401737,1
97981a27-2482-4cc0-8655-fe03826ca018,795,79.98030736989364,79.15043920447629,13.604000970019914,19.920118862270087,9
4427933a-1d75-4fd7-9753-99f24db6f266,424,22.18556860320013,26.798616241533544,20.05630305265954,29.96611036304592,2
050769d4-4b7f-4df1-879d-b8ebda710100,35,20.51755135803256,93.29081182367624,69.97771031751321,38.36094606822106,6
461f8961-8a78-457b-ac0d-b4ca8c3bae48,313,61.80256138012813,45.01799012914183,26.43210649948829,7.725143458969108,9
69d5df08-8c13-4292-91d8-5cd1312599fa,237,26.67014221235079,47.02750519007054,99.28297912446368,46.14371381430863,7
edea27e1-65b3-474f-bd90-7e3cbe47d65f,78,15.12346876909978,95.34501424445448,56.16972889897176,76.09826864636644,1
add1b663-43a3-4e2f-a08a-bfe9a3e949f0,92,13.33622284435344,84.1949725415293,67.9730886841162,18.86636531784446,3
32d54dc9-37b8-4e5e-8bcb-aa878ca7bd67,689,13.326810700637138,93.24305366466412,30.948235885336683,47.34660990515407,6
34b3cc70-8e2f-40f5-a6b7-a3f126ce5c26,60,31.90996932220427,72.46980588229374,43.9981221020261,2.092284286310941,7
f693f2be-c51a-4b25-a1bd-ba508e60956c,632,91.60147806683288,32.33359686402828,82.47677273294457,21.99597205467123,8
7d31a3df-d940-4362-8c64-9ceeec20c009,549,25.514527333783874,86.68085367425917,73.03741861033394,67.7241155482832,0
16618a68-2e72-4514-b026-b74d64ee7bc1,116,26.65974816412237,22.549420962753,75.76953870958538,11.736652558002367,4
76ed3ce1-a640-46b3-9d55-a1b9f8475312,935,35.34264876522671,97.0814461932216,24.65109255969159,83.2310923668978,7
4fe11fcb-b35f-4a5c-b4c2-e2ed032e010c,55,56.55303781179855,67.07334918530698,92.88650550537876,83.91320529566471,3
eedce27c-5c8f-4feb-b7f6-29f32b3f64e2,927,61.17321396856591,80.0874199096827,10.930729950656184,83.41825823415448,3
441a39cc-1b77-4eb9-859e-08854011071e,473,59.97679782929073,68.78910101809792,52.64762538020166,44.3706470998338,7
9a289d37-bd31-4224-bb43-1636b8ef6a57,157,68.24607932408284,4.577700342437074,70.03502882294005,22.145648817721664,3
907d193d-8f38-4123-a8e1-0db71b2bfe4c,hqzm,97.92785513813868,25.11025665584452,79.5455681599039,83.21981156926068,3
67b2aca6-7a88-4ce2-84e6-292c4fea0569,jzfn,11.3072934244844,86.36286760389305,24.894961078825883,32.07263368686959,6
8600d22e-3d54-4a64-a269-f606f4a3fb0d,49,98.29066714354214,61.55566536529847,90.14153967941236,59.32503240980347,6
65d0fc23-9a78-4cd3-9c44-651c72c6e2ca,617,31.10759253141724,83.5381091831042,71.91899906059318,78.66210848991531,1
4749a1b0-9d79-48cf-9aa6-9a87f03233a1,841,64.33403568780514,1.75972052807718,74.3310891477888,18.429215934165523,1
7a42451e-9573-490f-a633-b57ea569c8dd,hxxq,30.23825022632629,25.82926723234144,4.444040245224246,35.3631530750653,4
bf529381-cc29-43e6-911c-c8bc62ac149a,auim,69.01890163582243,81.5087752483271,60.61548138464551,60.37052798251021,8
a5a9de5a-8ee8-4d40-be57-7cbd613c9e47,759,81.88035717191356,30.23076578576444,5.425293322864599,59.86723152116752,0
59241199-064a-4329-ba40-c49f88f59017,anok,80.74842303948199,23.147649978749183,26.585180908261187,98.85784726270565,8
77660d40-1c02-451c-a696-1063b9ae4a53,502,93.48934002982362,27.90479079566792,41.68075525361705,96.04836361805305,4
5d63b17c-59cd-47e8-8cc6-2f02db9f3f1e,729,45.19253609908339,60.400335144229885,74.39142952526666,49.71270930079239,4
d7dfddf3-f53e-4837-a620-d1e8a44fced0,tnev,88.0734971602707,74.09880660854017,38.00649894996254,35.24000431295448,1
d837bb34-c9f2-463d-84ac-da63a5f9fb0d,670,22.050790150426703,39.86432170105222,73.737655042336,4.048795867777921,7
8a5f8174-e525-4daa-a337-bf5e9a9f3521,226,83.7525723886263,46.585189036280994,26.7899991712844,39.75101392265995,1
5f9acfa2-413e-48c0-9fc0-ab1ccfe76b42,654,95.38649209434196,84.35229029149868,44.094156864982224,2.437495502762299,7
2d0c122e-7812-4bf0-93bb-d947e88b2cc9,895,46.045124338192025,92.593191465117,39.85968659142526,6.627784310729778,6
c0cd4265-8720-491e-9826-76798c69dde2,873,11.93696201793879,73.72818360782155,17.29306686461606,13.960201727631771,6
23504fd2-5a3e-42c7-938d-b666d69fbc81,Nccg,19.196600475272163,94.14899222205936,83.40444807598638,34.6727761468138,8
923caea9-4280-4fc5-82cd-b16f6de685bc,550,84.19093353434802,88.85747101276166,77.18925196718533,23.639495850313896,4
282a4d2f-b71b-4482-92e5-bf07fcfc242b,960,64.15323231448615,51.34292494191804,77.35347762842652,40.88611524589343,3
c33c6ccb-b7fc-45b8-ac59-fca99ccdb7e9,911,29.58496637698371,29.913735786948603,51.13527450233464,86.28206576098957,8
8cae7535-2be4-4ebb-aa05-91bc60d517f1,673,22.441090786680885,45.99627060956396,16.762987690346442,7.942170328013787,0
77285d7c-1a8c-4181-a9ab-0d10e16132a7,KbQc,88.67777949982526,91.77194991153492,59.44215963146407,41.82292175166948,5
5f2d3365-2301-4af5-8caa-4ff3707fd19d,984,94.24947175315305,35.91854979439314,10.631821263679242,52.02081753978938,1
80177a26-1a5f-4205-b6fe-63c50462aa28,Ucls,28.737292543287985,92.77820955364956,19.49798939228632,49.880848172416215,5
886a5450-5ef1-4883-85ac-7264afde63ae,899,16.199329148321084,70.51407004464971,1.6740647503919903,71.76303536466465,4
1ef9a7be-6205-4baf-b6b8-d9d0e90c3348,480,83.97724794746604,92.1055683729329,55.22679234441266,16.62060261214372,10
c2bffa95-0d31-4d6c-b952-0c54d04c1bf7,216,55.09943618451376,74.62862046737155,97.38216819059784,95.27754258439757,2
9937a4d5-b466-42aa-9606-3d7dbcc12d73,439,19.699886160425194,15.40544573668542,73.16177077395086,15.760251493706612,9
4a11c34c-e195-414d-9b19-860fb994dd65,810,87.97515316722517,11.2062912105263,91.43874824785536,21.94911302805188,1
8fa8454f-76d9-4355-8325-38e623863f98,721,0.2136593270999798,49.15939736797754,77.86083126505478,12.411852535084522,5
06e39cc7-8edb-4734-b272-68628c2541d0,icBb,40.23261118067359,92.74968739140576,56.690130367275984,74.92893410417808,1
31460a0f-fb6c-4546-b833-d519c3f4e8cc,283,90.93662995257164,82.15749042355556,44.19217355444592,5.559208199732013,0
82ae01d0-0ac0-46e0-8adf-03dc27ac9b78,137,30.8853998032535,4.696663979426985,80.3161391077136,19.890983874284284,9
0beac110-1572-4981-8691-970d77b0f8f7,358,98.07339230803797,89.82453582407737,95.885580968399,8.501279223571101,8
dcf87574-9880-42ca-98eb-e67c4b8516e7,894,89.16098678910743,54.674433201448345,41.03628499257881,19.78109955459465,4
e24775b2-8d5d-4f6d-9ec3-4de3c2dca608,497,76.69918413508894,0.7778593044937776,21.67197183738565,30.1633725637238,1
584c59d8-3319-4f21-b900-7225c9745316,38,73.76797071270609,2.193994600597049,28.843397150229432,93.15292527072404,8
e49b7538-bb88-40eb-b0bc-0ef5fa950acd,796,58.59779936262435,15.4305475458261,83.17068866798695,59.88347561438378,6
c74073dc-722c-4138-8704-5e7b9768ce26,982,72.48723679249261,18.066015667942416,59.50897654159676,26.05159744854396,4
ddbddf1f-7e9a-4152-837f-1496657d1237,322,30.149283885028566,16.442000476755503,5.889457275258636,36.17346752489096,9
58c95b17-af52-4f3a-8a22-0f8973cb99cc,127,90.12867278531618,0.7561718703355091,27.50959493635945,79.85838284314244,5
44a6c5e2-1a46-4aff-b0d1-ed9af2dd0029,506,65.99619895267178,20.77997399926197,51.54460472128861,53.39012938587943,3
3b873219-ddc6-48f3-8b33-1b9fa62fa911,333,42.87616848484793,11.266312477382224,60.75894545141794,49.476193582826944,1
9645e1e7-b8f3-4839-976f-7070e9807eb6,sxr,57.87563749044799,1.7797727786262318,18.74205025384473,18.49443949226145,6
68f7a1de-4d11-4637-8813-020dcea3e64b,253,79.43624937745058,20.298159870650444,45.61519297123793,26.94159608370396,4
0ec7efc4-5bee-4282-a5a8-b5b441f5be95,439,96.05241977319471,87.69044920695876,39.766993337481125,23.74440294327548,8
689d5112-97e2-4178-84ff-c0cf1d0097d6,727,47.0659658050492,38.02259773502641,40.81651707715388,94.45813603598953,3
d1e0c4d0-255e-43b0-83d0-353450a18431,177,19.11994291206573,2.9701789098857123,2.9620617495950907,9.884205191317264,9
bbe26892-74aa-48db-8d38-aaa0936f9c25,34,83.87929675541702,58.701906137931736,81.2002078114928,57.52745862943913,4
54982f93-e300-4050-88ac-e87c919ca543,295,65.81753898232587,77.10583762748752,84.9507933552449,54.28070556402357,8
b9e849e5-1788-4749-b671-a5e4e29003a1,273,7.371367855268717,72.98040486790075,93.85922555779156,54.78519676798479,5
800988b5-cafd-4547-9fdd-1e51fcd23ec9,966,15.202858171356391,29.907936543947123,10.749907257318114,40.41703860775281,7
5efd0ad7-4d70-43c8-b05c-922d6574a857,yuat,55.72875788739511,97.7013255359693,78.22865608705906,88.61438729757498,1
31c5e074-57ab-4302-bb7d-82f7ef3e0dfd,vhxy,36.3828739042549,42.00137577946359,2.4094621760057837,40.90901577341237,10
920a8da5-07ea-44fb-be67-5f2ab355c582,hkoz,77.99435523793072,36.06574051391945,57.859529805492,48.88113701204249,6
45f11f81-1470-4ea7-af79-2835ca0c9f7b,Hyav,81.33682245705826,7.664857066814457,58.06659461653347,66.50769740733014,6
7983bf86-fd47-4f5f-8032-8f99ed703d9d,158,35.7519066389095,0.592090017498359,95.85078161496844,30.462376070880893,8
9f37d9e7-e68e-4932-8e7c-aa843e313f23,184,52.07411330729689,43.4681245463586,87.85912565195233,83.73625478960632,2
3d8ba3ed-50d9-4146-9c79-0bb9b966944b,fzup,51.40009221137412,39.2048411532935,2.745512046631549,66.13777051907847,0
d8a4ff0a-e6ef-47c8-b762-589816caa86c,133,8.818457208857456,40.01903358729898,14.702982629699946,20.880797425624888,3
db73ac0b-4618-4da6-8337-531ae3dd8f60,28,52.202005445172894,16.269812296250976,78.5499123158265,78.29275630949543,10
6e34c932-806a-46db-bc67-7fb1497a7da8,137,25.81155879113336,20.3200854916213,58.90723070719201,76.07321445537394,3
adcf1e85-48e8-47dc-8b27-b41e7828c899,ctsn,23.1889930803179,29.31982958997852,47.23567343453805,0.9460709908382436,7
e5ef7147-154a-4f4d-bac1-59f8708c1972,76,61.85950601298791,2.9021268542574363,18.52468814321684,42.511542074466846,2
9b03022e-aed6-4146-a3fe-4ff5099507dc,201,68.31487264882185,54.7075005912946,12.696257060562754,13.248790875468409,2
86c3e7c7-f3c6-4a48-9ed7-0192bc16518b,51,14.374537686033896,45.30279179065444,67.89011282344151,66.56255021254796,5
c3664d6e-aeb1-4a17-b4a2-61bfa2857d51,196,76.48098412737735,64.39119629545512,51.215209189173,21.63857532632959,2
f0d298be-d846-4b4c-b173-70076392d603,356,33.04678152061384,3.651641611674228,6.181488163884408,37.59131454985155,9
9eb20fb5-f8b6-48d5-93ce-0edd24f47494,82,36.843088831090206,89.02323311536556,12.760464732186827,2.8801110590799373,4
56454552-2265-4e8e-95d2-c8371a22eaeb,52,65.39503811888856,85.72035007754847,51.176176644404194,99.81515403493049,10
a3b0a6ed-ef21-4363-8ed7-a7c48b481491,362,83.67685419591979,71.31301409546235,73.23716200379565,14.611097970267462,2
c2f2c635-d13e-4295-a847-ec5a1a389de3,351,84.83225966145912,99.49775366325804,68.7705882610331,11.668091782748869,7
8f91102f-facd-4a43-889b-cc441ba068bd,853,66.09298225927718,25.46944784667652,50.14518296888228,35.25404740550178,9
6e41d037-6059-4edf-af2d-42e020c4a042,303,31.831186093356845,16.451931572635537,99.77430813473994,41.91713613534242,10
b6f4286c-3476-45fb-8e06-b6d84cfef897,294,70.39929044876978,96.32992299406148,93.61486486182233,0.7505430119794876,5
55fc3786-8236-415d-b2ab-c19a7f1a8247,418,62.85034289975658,55.81122422746829,14.117833427494476,31.828759573000063,2
07fa5fa5-6c37-43eb-94bd-5b82300bfe1a,96,34.23996602980278,93.41298967567842,99.60087112793452,46.1656170630496,6
627e87fd-1c60-47b0-8bc0-cdd27fc524e7,281,57.09725871405509,95.80061086632806,58.42710789152612,4.090005842982003,9
2c052f56-3114-4f4a-9b24-feb13d8637a5,60,43.90988896585261,80.21869050288798,87.61043729746369,59.76849307979462,10
8b86d056-c7d6-4fea-ac04-d819d112030b,894,49.403693598462496,40.71513269622172,6.563821987400131,49.22003832046856,9
27148cc2-e3d8-4705-b84c-bf1d5cb9a0ca,231,96.76609769134735,96.40503043076431,64.57921399799838,54.06758688317,4
b95b71ea-9822-4e5e-a689-8e1641586bb8,axoz,29.78060868262428,44.63954218980817,85.06580876217514,50.677534256854806,10
658edbe1-44f3-44a8-9414-14f68ab22a31,rdcB,65.36405242023618,84.51876428983665,18.2714632147186,66.8435329656297,8
b4aad1e1-5641-46ae-8d77-5ff7d03140b7,806,54.29877766387501,55.46737648608909,64.70458616978362,55.06090561906672,3
ea3af91d-a730-4f0f-8ece-8e95b9377ea1,221,28.487587180571204,5.30865665532827,65.83677564902648,45.01556528269853,2
e13967b7-f9e7-44bf-aacf-dc768339f495,974,83.41489089100462,97.94062812837402,64.91418111729098,27.52703470108333,8
b0da1c20-5427-46ca-8281-a3991ff8c703,628,88.07157362376252,29.077383269481004,33.159499111392854,16.42167441162854,2
10d66381-1cf1-4788-b1fb-9bf643db2d99,grga,96.09614012265986,53.18082134331477,31.2453421710824,59.540349533364754,6
558d182b-6b42-4b76-9106-7f11083b6f12,193,38.93454575716494,34.843292685365824,39.31006707722877,24.64003488341143,4
d6b94154-bdef-443e-afa3-49e7d1dd75c5,207,49.88293287356055,41.8803296419276,0.6026655088505639,72.29740458709796,5
8b4122a4-f4b5-4d8c-aeab-2e7261e2034e,914,73.3233025200946,42.260351337254434,2.224849041719845,10.577972897547228,4
cee2a37d-cd42-4d38-9264-48e22a025fe4,824,53.03759175476694,82.28532103863823,62.97662311889069,50.41195334867178,3
f71f5c91-d037-4671-ba04-deb568471cb5,3,40.79726548624492,91.16852900834174,73.09739648304905,70.19231776180199,6
2aa30233-4ff0-4111-85fd-5a92a2a7d98f,835,80.65878295023876,50.90446844560114,52.2948070359277,33.68509265801587,0
d486c457-878d-4f7b-ba73-7dadd39b60db,381,61.59048425471715,10.161637345220331,57.91257415565748,29.714314410887667,10
41ec21c6-d515-4a5a-98c8-751889e36d30,825,68.68873892734541,44.9020375861186,62.28805086178482,51.81985316686311,4
ba59b344-a75f-47de-8f82-6d8420dcfa5e,847,41.30107044767893,56.02546026068927,2.425955439616123,54.93059822678558,7
3e59a7d0-4162-4d75-9878-def907d62cc2,769,5.497042858157197,39.15851879150346,26.89377361195073,22.23229756688677,8
11ce5973-a68c-4b2e-af06-de2e8ab7d02c,189,11.731182133680573,85.18255322215568,61.97468730293679,44.36786802550362,6
844027c2-3bad-4d8f-980d-619a75a3cc36,394,26.50955849374004,81.26344976791235,72.29734215239938,72.57138030614371,9
626390db-6490-4756-9a82-cdef4dcf41a3,753,36.16370754306155,74.59879006133757,7.338328413222383,10.53784906723001,1
c6336a11-a2b4-4070-bb7d-e906a8424430,202,86.59809673395496,28.304249838471428,6.759491632539316,59.29032415178212,0
4560316b-eb56-49f8-9a9e-5d840118e5ec,840,23.592978505377012,8.581420609213207,62.4981612764271,32.62066564545007,5
19305166-c984-462c-8f94-67aab6ef7738,332,87.04856605819413,56.479990109051656,33.93141166782184,91.24300982484615,4
1aaf9631-0c30-4654-8a69-34bf2268e498,wywh,30.275029532570585,37.45579258280651,21.543719844303943,28.55055813416899,9
25d83b44-3adb-4319-8095-83374b103118,589,52.82980942976102,42.66629932043487,59.84982361384821,69.5670347960731,1
d445f6a2-62e3-4326-a993-d0f112c7d367,265,92.11191723960808,65.83256079208493,19.73077937968693,4.278131991364109,3
d76b4c20-cd02-4712-b9b6-ab4177af0eaf,271,35.8947183259997,26.28490748726434,1.9099590819092849,17.563860768064778,5
fc8dfeab-5ce8-4406-86ea-d3402e90b15e,279,80.69342201100947,49.133523740875326,90.0290393933955,50.3626014239112,4
55bf87cb-c612-44ff-bb84-992becf9fa25,402,52.30396759386108,97.16255021416696,77.72373929504217,18.69246297221555,2
1e05cdab-ec06-471d-9d2e-e3a0c77c39b2,118,98.21586365133044,65.76988618367389,14.628545780639724,80.67936043184818,10
ee030cce-0bce-4411-baca-e29bbfba762b,46,98.28521457321084,13.049120591490226,19.66141795467941,55.13034894647062,0
8070340c-d065-4f10-b7ca-afd4d6afac6f,310,63.45174728504255,0.7356588838310585,90.4798111696,59.157113469352765,9
312644f6-cb84-4967-bffd-3e9030c91a0d,704,12.205116285615023,59.7791344372876,90.88514315424877,41.44366197543496,7
e33eee08-4823-4615-a0d5-f97cfb5fb9fa,134,13.096061381234158,99.15271585136884,20.57760893915389,23.96401162642654,0
6e41ffc5-91cd-4c59-b43d-61d4e8baf680,969,85.31387260547815,51.54336080634676,85.93682963671681,69.25393531501233,3
046c7a0e-95a8-44ef-9883-a0566cfbda38,887,9.13102684935735,24.50128607325189,94.74114243992992,51.22442138168925,0
5b8cfd23-cbe7-42ac-a30e-baf95ccdb1fe,744,85.86340341442045,94.99923878311824,74.04307966633344,87.07803422559542,10
40d9fa45-2cb8-4d34-952f-54f776de521f,508,77.36786632940384,54.6022172068031,89.44409429222138,80.31580188292284,9
773142b3-e155-4107-b6f5-cdd8420271e9,75,24.388584590496095,52.0629457880839,23.271197008383727,70.40711637271741,8
a03e1197-0a9b-4849-b584-ceb5f1672e13,658,41.840108153287446,57.762096241308605,54.741853767936966,9.292037668642394,2
77f5e218-0657-4abc-a4f8-eeb124ef1b7a,498,1.790502366333535,52.095297646149575,11.582317958885769,68.60809521692474,2
0fe487ee-6559-4ab5-bb0a-baf9be9f10e7,646,41.876502663096495,81.66121391632628,45.77927013400633,14.902580009869292,3
5fa468d8-7e39-4505-90b5-59d9d9d36e27,62,57.16743525742493,36.70964960175675,76.62963416324122,10.521373160346382,4
e6d32797-b59e-4602-91da-97f7bc23d72b,600,12.93321998172543,63.427534795007126,63.66666774124779,16.70343012393156,2
890e7dc9-9779-4ede-a61d-1eaedd725b60,yiyq,82.56137570164627,25.782542630517906,77.11835302972212,12.016292572181252,0
b21f1456-8e47-4aab-97f9-e4ea65f527d3,40,42.85373782444314,75.0892219291927,77.77604555054552,40.7698188229864,0
b4adc961-9448-438b-bf7b-bb00227cd687,678,75.26747084801548,43.3883854813278,33.694363544847405,17.64377734199546,0
a9727414-2f72-4f6a-af3f-a79b1260f7ff,128,85.64615543772982,36.46813740872113,38.77828878368573,79.99556314081198,4
ec485456-8fec-4667-a407-4195d2fda592,haru,72.80463581765046,17.873032568590986,20.84319811120065,45.43281458489378,2
f7437fc0-56aa-40f4-971d-0b2bf8a1b761,937,37.41277879149081,37.0878414334775,17.811975870489583,49.09643147451771,7
b461e158-a353-41da-a5e5-e11f075cb5f3,791,43.78683206655939,33.53175399669021,88.18486062385423,44.65247951638121,10
e59d1b3f-15d4-434a-bedb-222c142e8846,feww,45.82412840353983,74.93043337937627,27.4649005895405,60.1722207180485,10
e80c61e6-2be4-4569-8e05-b1d995d4cd2f,12,99.32048249572192,45.85592248407415,43.310713444361504,90.43731253840404,4
7b3fcede-20e8-4319-9f51-26d8b80f4d5b,jrdx,3.797739383388132,78.73283589556053,77.4438387885222,51.3239079671674,9
4bba098d-f21a-4c83-b092-d93dfff99bae,183,29.552549096263903,69.29483031501726,33.043185719047365,46.868687123481536,0
bdfbed9d-d470-42c8-a483-14a25f7ead2e,293,76.36770747628555,8.473625761044378,53.76766937256041,70.53960835233805,9
9b52b265-387a-4038-bcad-0954fa64e865,443,26.558200951694733,34.34537479583959,7.588328774862141,68.52448992405033,4
218159fc-84cd-4e77-bf37-ef7f5f69a8a0,wppi,88.38277465066784,51.1824263749803,20.96820330183087,4.921380307633216,8
836d57e7-9575-48ed-89ba-7e493cf5d05a,153,35.444141643146295,68.07959186380614,22.28076477713179,52.06287817952253,7
e595feaf-ad2b-48ce-8bc7-b056c190a683,716,79.00926319333209,19.534799493294187,29.5892957231794,67.11600909122346,9
734e17c0-2490-49e3-8710-6b59919a3dac,292,25.598471562331405,35.96152183013963,20.636572041764037,1.6720696269774349,0
12fea4e4-3f6b-4c00-8689-8ae0e5599d66,zqww,97.4208007093205,61.54210931106216,51.0305725336503,46.430045921475305,0
9c66d69a-07ac-447b-bbb6-75e1179b4931,706,84.03230471708424,27.112555171996643,91.21822263765398,4.860461389195536,5
655778e6-d2de-4a54-a450-4da9ae0026fc,136,68.79044244213607,89.82011495749546,53.49291073087269,46.87650768897458,3
17405993-724a-4250-9d25-f73ab9aa7f2e,qlfo,57.01820771676316,43.704151815592255,48.84506583274223,31.50267772477428,9
5bfbfe69-d708-4eb9-a7e9-0b05abc42168,dtrw,34.05910450558709,56.04418612472726,97.40422389167097,43.935586496367016,7
cc9dd038-038d-49f1-8dea-b261099b2640,lNcs,95.7492440961189,19.864607993123418,29.143391655537982,49.80228859640798,4
cbbee2f5-b137-4099-8652-504847668155,qWiv,52.627343052474,32.159426325407246,47.749751377200425,50.72547842941996,5
1045a733-d89e-4f0c-8722-ec72500d6b32,511,36.519499018617175,48.94396205391502,30.399288948020157,47.15758359075557,10
6f906258-d64b-486e-a5e5-4be5df7a40f9,943,17.540708783020975,91.14356235185004,78.14816001124257,15.22399898130301,4
d49b145a-4bff-4715-ac23-309918208ff0,309,29.65447201478764,56.89580252571426,71.86329718263627,76.3061016194296,6
2b909191-14fe-49d4-abc9-1bfece6f9e12,vsjk,70.43965171550951,53.87129749759509,93.86984901836472,26.468706479366155,10
d05b0e24-266c-4b0f-83ef-1938a59332f1,329,74.43026170643245,98.62958211212676,88.76671427079643,24.79948334683506,0
260613a5-a001-4e9e-9648-5fad11127e69,821,23.60341332777373,12.421761024471778,28.269823591450173,73.59533594329673,3
6d14843c-63bd-4d47-bfb1-1b677ce6ebba,204,9.486263594968449,94.32160662151286,95.4620402083166,67.25539708398969,6
a64a1e77-1512-48ae-b01a-8cb29823adc1,882,43.613879788910594,84.87993342989706,92.58580220344192,39.35998825485895,0
98503c9d-11de-43e1-b324-39c8d5b7c563,284,38.04262072205593,14.587889411544008,46.6845586116036,3.803366756098592,5
59cf043f-524d-4354-8ba5-4de685bc5056,25,92.25289791467188,11.863239198004315,10.421841947148067,11.096192542895944,6
8b1644f3-fe9b-4a1b-85ea-74d3c46bdfa7,682,46.55779948794508,72.68398277881857,54.559957325452935,64.26210489911726,0
65eee61d-ff04-4157-aa44-a14fa2f32632,155,57.21694918502273,46.737946869392985,47.75428524700276,22.99236531027943,0
73a2d94d-181d-4930-af37-8a7ea5e4e2a0,377,28.055124556817724,10.119773167757762,24.14153074284303,9.273200828700956,7
bf5b18e0-dace-4c38-b864-cd1551e75569,888,18.241015189427458,97.96744948908288,96.89736010699612,7.620263766709279,1
fd2a2a2e-de71-4382-b577-626845c4161d,632,88.41652944411192,59.11493589676263,82.47810858621192,44.023154658909455,2
13500463-a36b-428e-b192-41f79f850a00,GjnN,94.39457333784088,73.65968467330639,84.92017424725194,57.63896461291667,5
74f78b8f-5379-4c1d-b5bd-2cc1e6db9b91,131,73.1589649907508,70.52645182044618,80.17451573830922,25.412035232600584,8
50bf6e6a-891e-433a-a446-71055cd2c0ef,699,28.942506041428228,32.04671819415502,18.40178992214188,6.2048067931292135,10
6ed822bb-eb4a-45e9-9343-2fc6a1a455d4,jdhZ,0.3207346343408024,64.99517538275566,56.53218946340516,69.45328360424462,10
30fc9fc6-acd5-438e-b350-0415ae99b0db,qkde,28.037477705386426,18.83314831570272,62.76243565926839,12.414942095565518,2
83f1f41a-0d6f-40e4-b9c3-afab2cdedd9f,400,71.01926262034345,7.874746151470657,48.36143430596896,3.539732493296477,3
d70fa576-0c4b-47a5-9b00-b31b7c007a55,,66.81790556998102,57.16394316144366,72.55244147660353,53.496556441739386,1
1ba53767-fc78-4489-ad62-e0f14c65e61c,hyzl,42.07831796323285,69.92021539362801,90.20472231621362,42.95567090775766,2
84a1c585-bb76-4e51-82af-b301bc305d74,kpbp,47.34015938035248,53.31249438329312,49.73926780095079,50.0785285604528,7
8deef029-74fb-4b5a-86cc-14ea62f9beee,395,47.41043530758936,31.518515298141004,12.08951205286305,77.61709215269082,4
1be05692-1012-4f23-8dcb-e1c3b902bd74,861,98.4753874132263,12.379236543380634,81.07042924525804,16.803273637849724,9
05702a32-31b2-45a7-81cd-e8f112f56fef,599,59.47277084147223,76.72968856914038,69.5546022817892,91.72425012729946,8
ccd0ea8b-acf6-4f0c-9942-09dd911093f2,tzqi,63.923666956175495,40.81196606023087,48.39030297117744,72.11697255603363,6
94cd25f2-dd8a-4692-b37e-39362d0d1e1b,ftrn,4.765011017030673,30.06167168747057,4.674412065816491,23.46578663353902,3
7b6acc30-0ce9-469f-aa8f-b77e584b6e50,741,48.404553241347934,22.51282798559072,72.2843398719835,94.26784032968764,2
14175537-b157-4b14-b486-195891af8063,eaae,6.149063575438096,71.93869375945224,26.21566519349138,31.53901313605121,5
feaf0df4-7dc4-4bd5-8a66-e191cdef6a33,dlsz,78.28508815848362,29.300392328509805,41.76054312510655,57.96240922122016,4
3fd8eec0-5ad6-4bb7-b408-a5dcfece35d7,551,25.66011288318911,57.82799164401461,52.86517307731757,2.5330859498094997,9
f582d913-5d04-4368-81ff-603f3c271d16,yaiu,76.71708905673502,14.071066891114004,41.65552931745572,2.0564505810173217,3
b5505eb4-1fa9-4e46-8e2f-7da2d474fb99,336,43.114071886666736,10.95625071796622,21.86071386227779,73.57978851192203,9
bdd4e73d-dbaa-4200-9169-0b45c4fa94b2,499,46.2729703828809,23.315907509081445,73.38504462484838,66.55183177361221,9
49cefca5-af30-4073-a1cf-db6c163bca5f,23,25.90647145686792,4.231105788875366,74.39846813436037,83.89338708605793,1
c7a4e58e-efdd-4972-8986-b87633b1b793,rlzq,46.5101765453942,15.642989395845008,4.903625112466925,59.099910501487095,0
ffde473b-cce7-4d7a-af2e-da04b37ba958,738,97.29018429032364,81.05110149523415,21.12217625206377,91.04981703035088,5
cdd5cbd0-9efa-442b-9a96-3f3b0acbffa9,721,6.674395263753141,30.37967640913801,35.94674638799652,33.93775876381475,5
b000f983-148f-4715-8590-217e44c48966,675,98.48826634616134,77.43911769653187,70.95606756478564,64.34413282742923,0
a9e9b4d4-cac6-4485-8263-4856bfd7bb14,309,79.6146628138476,8.366011797180771,94.00030647115231,15.459167623785785,2
eea1af1c-abc2-486d-a0c6-39c219cec8c7,566,53.02117920936516,87.73452966433102,11.434171006245409,51.339564336161125,2
ad0593f6-9e20-4084-b70b-d5d5ad3f4c2b,168,17.58486691709361,43.7617493825714,38.34092167046661,57.72542825873616,5
e4c23d65-11f7-4870-aa1c-289f7d9c5ea8,869,94.44197342968404,84.71205954905122,47.90113267626674,7.358913344409535,9
4c666852-40b7-4590-9388-1583ecb40174,968,4.900309498985855,57.93894890676832,35.816365505559645,16.40536099334402,10
46ab7b9c-33da-4fd9-91c4-82baccb0a3d0,211,65.99876690300808,37.55515572330143,99.67425786542805,4.502593802473342,1
4c9ab34c-a9be-4cb7-92a3-cb5334f804c2,540,23.02468675584121,19.42557738736124,86.99756544346789,57.34114814215611,4
1a840013-7e9e-41b4-bf33-dfd6c49adeda,267,87.20107253333438,71.0791765028115,66.89388515474984,3.6222957193230543,2
431781b9-f9fd-429d-b6c2-eea4d0f0376e,45,74.1151921851519,11.479681071209969,84.27317242518644,8.150757750348115,0
1fcce946-4c0f-4f13-882c-66c233514473,48,86.27355071014088,28.770885038103657,40.62285711793088,4.861612611831734,2
0c1a6790-a4a1-4b3a-8875-153a2b255d4a,453,40.04165619721887,44.803903202276494,67.41656135416144,70.89777818584989,6
9eef3630-ab4b-46c5-a8d2-7db25d83bb91,zjgs,60.85468433490312,7.796865912067119,62.51677070675083,10.79583526226262,1
2bdd2725-f8f0-493f-bd0d-d045c88bfad2,784,25.98327638585578,58.17630487521027,74.27330030070435,67.20111110457354,0
70e81710-b420-46b6-91fd-c0b75c94ac9c,nk,36.49135937802599,66.19527596939866,61.22464714644299,4.764980144533004,8
3c768cfb-2ea4-49d2-968d-259f43432f11,252,24.23485430509897,4.226286635674792,40.1209998243968,22.6142502239748,7
a3831c3c-6157-43a0-a62b-2acbcb9b67c5,234,8.290931265061975,62.8803274957055,79.39753459902876,62.17107665157635,3
d14e54f9-f2e1-4a87-a797-d619eb896626,320,4.92011578802769,4.063252561108666,96.72336139098718,27.80377010392703,8
fbe73773-b86a-4303-9b70-70eca11457c3,155,63.37173653155215,21.236512891091785,9.799876727539091,30.21986415868675,3
27e3537b-7e9c-4658-908e-7f94cf95fa48,820,97.74020328228556,78.40166982147771,61.11071163973989,39.81997944485752,2
45b71dcb-f634-44e0-9356-ac8afc4fa20d,867,16.279492254174997,99.93121215992925,37.72911215657635,63.755709027865656,1
7f7b0f1a-c377-4a62-830d-21beed89be16,551,74.53034086603647,5.520866658771828,18.4067616707411,60.76756413883607,4
ad44beee-2c37-4869-98ea-53e5c63e3b27,793,33.1445769052951,73.25530388430205,57.674514812107326,16.021149800292743,6
805e6f52-7c35-4cc8-ac56-de2e10afd6ac,251,3.393971003339713,19.632012714946224,88.36023940986712,64.50917250707411,6
9a9b141f-7e30-4b18-a98b-36ff2c13454b,775,52.05851445650722,64.40712557004547,22.41029815481467,19.37783211003353,3
0caa09f0-6651-405f-b727-ba0a524c06f4,580,7.479109052130761,28.87401307925024,29.63266883621063,52.9993395503881,3
066aeaf0-982b-4971-be97-e33af68331fb,471,33.52153528480927,0.0273797712637136,28.35414979328158,91.73319697294072,4
118fbff0-368e-4c2e-af35-d141e040c582,546,43.3235057318919,98.25432026099278,31.545994017093903,62.875260276987575,1
331211a9-7121-42c9-9ee6-8e308b033bf9,807,40.776218174458734,67.62125231674577,98.88904180017404,88.56744171666122,5
93257c20-a9f5-4434-8f8c-2073ae1df22f,401,13.74871434327235,16.33634794597568,70.10703498424024,96.19566842302687,5
644ea540-2970-426b-a7fb-09ba9ba4d4e3,662,18.30029449934416,53.595296767894695,16.261241729536124,68.66732062608423,3
00769d96-405b-4226-9848-ec42ab50e9f0,847,72.3510309481652,38.98655117622378,38.93334746692688,89.56516813173506,1
b6547a6d-dd85-4df2-b235-fa0b77a0a0ee,621,0.853333397701439,55.4599071090698,18.77258272057518,43.58490284337802,2
8da17627-a89f-46c4-b0f5-5855b67a3909,145,96.29285385779905,29.80734112168999,35.10931010907896,69.53296276838196,10
e1413d92-9e11-4afa-859c-20093696ac33,243,95.67950942650724,4.694285039885237,59.05743504607124,33.75633135871969,6
3ea4d189-cf3c-46fc-9bde-47c3e5458a80,433,61.33046587482417,60.39134766835749,10.879171983086412,28.582462018063104,6
6a2c10c9-cd68-4274-a9aa-b49d94f4665b,924,70.78755878915139,27.318398587185843,69.52782466888956,1.6517670261911532,1
259d7266-d82e-4c56-b137-6143c85c91c9,421,37.68754193532432,99.21284121962589,72.22055109993993,23.11521656665296,7
2229a351-6ac9-4acb-a48c-cb46c3acde45,jmmY,19.21932336712322,94.69706527097448,8.034643736468706,18.392191445245267,6
d215d82f-da2b-47b1-b30e-e206b242af9a,865,80.11005503682232,25.623878043273805,4.708395739458659,43.27961537882013,1
6390f3a6-98af-4d27-999d-28056515bac8,826,14.560892007919058,39.94566095334724,92.22227472399848,18.618937804952385,5
c1967aee-ad0d-4ac2-b361-d6f1e508a9fd,860,77.00757062345097,7.574166880637745,58.926673522241245,48.41127472447005,2
a2563554-f083-42b6-b0ba-6098a9493b78,558,31.48795242033723,11.280863437503996,58.88579820196899,5.756996147251348,9
411f0588-040d-47a7-9b7c-71dbf7a0e62d,qqku,76.43013372565515,47.66123199963225,63.165787216983794,23.681563533769623,9
d97e3972-030b-4470-91be-2a202b09f6d1,34,48.41179393039716,68.42330425014936,44.0927987652885,2.9416455097973198,2
a5eaedf5-770c-4dd4-a923-1bef8ecc6234,316,91.73855933485848,46.82502411888956,12.87344522101218,11.175345887350009,10
aba01925-7315-408b-ad97-70f24cfe8aa9,110,28.795338119757,27.0048200818367,44.69194748108535,24.656945097948302,3
2d51522d-d251-4d09-9c0c-6f8aec58eda7,100,88.60577623386364,36.28617833442562,11.45266213416768,6.327670756179682,2
820f3665-9767-42de-be53-3735b51af2ad,715,80.67310386931979,10.971747526800725,69.45866758317572,29.36919856143604,5
52755642-8b4b-4f27-8124-657b43969031,748,57.09877462572642,88.98667878132845,40.76647764258469,84.47776257793733,7
37d43baf-a1e9-4a6c-bffd-81cd9c38eefe,dySq,83.66592458627288,49.28708334537719,51.649024831453424,72.40998302279581,4
1820b80a-f236-48c8-8839-2a58e6533f9b,jtpi,73.83310478884209,30.28705649415057,13.149692929535494,40.03128873728453,2
9e41ffcd-efa7-46bc-96b9-7fb87258efe8,104,18.133891638570237,40.63025260419717,1.6821452560079386,75.94924740067984,9
d04bb175-93d5-4d0e-8952-3e184ac0241d,337,48.09416566833156,26.273291042778467,47.42231086240225,87.51836962675242,9
b03452ad-4dde-460a-ab2f-132d6d5a0bbf,101,13.153951579160427,80.69472522624214,21.14432731694377,66.6220866045736,7
7984262f-05ea-49ca-bbc0-9b79779e771c,821,0.9895846579929146,78.31556201853202,93.86132086661551,96.99190981691636,3
752a5a40-eec6-47b3-b6ae-ef84dff34070,639,6.752108614245344,80.84007436741796,8.904842767307908,26.85631975793108,1
34cbd832-67bd-486c-9f51-b781048c5abd,276,68.8456422858006,65.49159486846888,55.59933231299144,90.08536478300584,2
00ff8049-9e77-4499-90c2-41e7997ec976,68,96.91793436723046,72.36924461790761,29.84191203178204,58.81389767752532,10
f59092ec-eb1d-454d-8aeb-0faee811796e,27,20.73881318336336,89.56078793725945,81.54551891061386,47.48298211125367,8
8c2e4d05-964d-41dd-80dd-ea9a7b84061b,964,36.95944885674217,38.92452825049815,27.291489374540355,97.66730976146846,7
6962939a-dc74-448f-90b3-a07c3b0827c4,859,7.919434072790665,51.30000736145175,63.74196832909532,25.74980271704156,3
fe56759f-6261-4fae-a3bd-4b6c87714a32,489,9.199154356019424,93.79446508257584,13.626031030443064,28.3847367122084,7
0b0fe8e5-7529-4b54-9587-7ce4e79489fe,lfwo,98.34324623198523,47.406814358130354,65.34411168145596,97.25923579673884,0
a2974ad2-e4a4-4524-ab7f-51773b8b0016,590,38.4060092150534,63.61523140750228,63.51424726431376,72.24883668618325,7
e345aa07-7f08-4326-8a4a-b7fc9027d338,476,0.0423702905879341,67.19640545841796,92.38881049305468,92.17878581658128,2
0d584633-642a-46fa-b226-db6abf617e54,ud,6.254482923737581,85.07022479411964,82.15853801406192,99.55611617461176,1
7250231d-c429-47bf-a0cb-a110268e9f70,847,23.286166588813483,19.14066688487892,55.70147848586687,63.16333039578302,9
f266465b-4f5f-4879-a2d5-f3a8a279e7d7,388,39.5866485276177,48.76889315047922,13.483266188405052,93.54619144023695,3
2e89fe40-b197-49b2-a08a-78dee81c0c41,554,76.51206311336549,21.32571597070764,21.26105882182289,41.76155984731154,3
600bc1a3-267a-4591-b967-ceb752187ec6,896,85.46237564814257,17.132900781623782,29.75103727702497,19.054843526726163,5
0a019c3f-4f4b-4981-867d-1cc925ef6c88,422,70.70966921929546,88.42246470828344,40.91399041442011,82.7165803332608,0
9b113abf-16a9-4548-8747-e594945160e3,uypS,30.003498493431348,36.073034128733006,88.74486450282319,63.73659673194858,10
c4f9b049-37c3-4584-982d-fadc4b256351,412,59.1258895556355,66.55690706086327,57.01315158449407,23.103415251130343,7
ef101f40-43e1-48cc-997a-6a0aefb2c7c0,370,99.9701761800344,28.39348535648779,10.614317191652688,15.534190937981052,2
0920419f-5d95-41a0-9824-969dbe6d6b5e,sabs,63.75620393172261,96.6626369754611,17.50866005279231,71.20012043658646,8
24da3cce-eb0b-4376-ba96-fe4ac1408391,920,75.57936592316985,69.50275593641915,63.54848407182847,58.42513964778146,4
e8285284-d952-4531-ad0a-71c4368acbf5,205,24.791726227248787,26.74932318893,45.470107171604944,75.46036123434715,6
c592607f-029a-457b-aff3-c40678a0ebf6,kgzb,25.631235948227847,10.612722733971191,2.487928644539905,39.09926677399663,2
a0dd7b26-a3be-4226-86b2-6dcdc74b55f6,423,30.649112832486992,24.703455650313234,49.94919916887108,35.72301751375492,4
6e98d543-38db-444d-b687-71c907a129fa,215,78.49833490632791,89.29508353020975,49.619713870545546,6.2989354307872,5
08a73acb-1b1d-406d-8a4a-c3098601dd35,963,78.90677424371114,8.037391447772757,90.92320454091345,17.857159007493628,10
735bc216-40d3-4f82-bc07-347eddb95e5f,766,49.3906779501466,11.270254915763733,35.47709462317227,8.55250246631456,6
9717fe9e-850a-473c-9c19-f8f832e3cee5,fovy,5.922495903983959,98.35100359735355,56.28150418424225,6.866672225520198,7
ed7035cc-8f97-4feb-a164-c0e800fc6579,327,88.71949954625653,38.70014441383811,96.54776558028448,76.78361925450325,5
967abb12-d19e-446a-9968-88622da892cc,433,24.6674506986177,8.273631811123948,33.80873976890766,43.333041884090704,3
dd8e1fcd-a981-4603-b3f6-4a85df84ce1b,610,30.111807286707084,58.59049325700907,37.66750042792541,20.18108270007586,7
ac6409c6-c5cc-4c05-8786-05122de96141,hrkf,90.05139160677979,49.133694144647336,12.524906113233092,78.81650890851644,7
3c1226ab-eb7d-417b-bc16-218e97db6515,vbet,28.808539972666825,74.39877000527024,70.36195493230191,46.3473175527574,0
cfb7c28c-3c59-4f18-b09f-398d133c87aa,xzps,26.64789844899338,25.138380396559533,52.93198385661007,85.75093062477428,8
7034c932-10a5-45e7-b754-6058b494a324,57,78.76177667260714,56.701431408105165,39.24748370145652,78.21313524040244,10
172862d7-944b-452c-a28b-5ec7a7cb58b5,380,74.10550112685912,58.72746721167924,23.91322493471916,45.559676798861496,8
60fe999e-384f-4366-a574-1fc94de1c98d,220,7.820028662545209,60.07368023386,33.519213398458724,25.06292288151553,9
f20a63fc-a160-4974-97ff-b682f2979f0d,855,91.55340812863987,13.726155868030476,46.71026191114418,61.10729315954316,9
22e069a6-720e-4029-b6cd-9e0b4eaed622,24,69.15024637498992,6.977482922700585,45.99099892287784,14.375318659279724,9
19ee1208-f5d0-49ed-96be-a500f6ddf7e8,89,63.57218031816736,77.22259775682629,88.33743520746795,45.814214475768026,4
44df7670-e355-45b8-aa02-701e28fe9c03,356,57.45764531420712,83.73080664417016,17.702955735202895,3.5851709380234964,3
3810505a-47bc-4769-91c3-f514fcc35384,143,24.267032773419672,10.503745684810983,57.86485741730427,30.933863404136908,10
a7884ad9-9ac9-4dac-9b34-6decdee3ae1f,duSm,54.14037973757604,8.287417792273866,94.952303264211,69.2065645916965,7
9d128a66-e592-46bd-a347-e84162347658,478,5.203298194066719,93.11853716632464,12.522523345293855,33.66515364478141,7
9724119c-7cac-4d27-81e3-999065e191f6,786,96.9579411542985,82.2208228141997,32.99462312026736,62.15020193033831,4
abbdf1f2-a385-4cac-865b-81115b39da70,825,78.04154329325877,0.1755492886439058,98.08025417936013,21.430904042621147,1
a2b828a2-f183-412d-bfe4-c3e7c7d9827a,315,88.09896456324994,38.37624769086192,17.02718244930095,9.094848659671994,6
cf7814fe-32fb-4356-a0eb-f4b55d8dfd5e,551,66.6410296437113,16.232575060675593,5.240081728152591,47.71983371684083,3
bb9e1b6d-49d4-4264-9d4c-f061e854716e,114,26.932956646402676,36.54375112347898,53.70523274692052,3.0660908212360782,4
0ead2a52-3b4d-4c50-b340-39c34d4d9d9b,762,57.534191799211065,44.12026765674644,8.343467056577525,69.9922783483276,1
06aa2337-03b1-428c-92ed-15740ab38152,452,14.470553434614107,23.495836291679584,69.76362022686664,92.76308622738966,4
58d9297c-43e7-48d5-b756-ffd179702cda,wsuj,44.80868915795788,59.71195390539567,0.0446841643346518,98.32185181411666,10
e1cca455-e642-403d-a341-f1c0ad5a832c,hacr,18.05098716752349,78.55889594725039,68.30758155549648,76.03560630168948,9
55aa3925-3fb8-417a-9e39-0dbb3ed374f5,664,48.70515420468029,19.493955982575606,62.97631199516114,55.44985738378855,1
0f089a42-5997-4a39-bce5-3ff9580a9953,511,83.87064097982422,47.07360079683271,92.23980321569611,93.8781864438538,9
1b8c4f95-ed64-48ad-83c5-5d4348d76e7f,emsy,5.796512898341555,27.006899287824915,56.19394215216267,91.1432516312955,6
6e32ed54-b2cc-4796-873d-b25693444b55,890,81.09076315414796,38.10735982784017,63.77470222872914,21.19705662911712,4
b9f0c558-7c0e-4acc-9e60-ab80db3302ba,310,52.815599489103306,96.7457228707412,93.96494840585623,2.934784718640948,5
6a048a11-e120-4567-bdba-563a1fadd864,517,35.93886088370872,58.12978394392959,18.689864297705306,52.77756136255086,0
212c4c0b-75ef-4e82-a31b-0ab0cb7dba04,620,57.08257212079568,59.01845052460214,32.82644172467805,46.90049013808789,7
820bd2e0-9d57-4f34-a70e-af86ad14568e,604,75.13396047141264,4.441349003023809,17.116157987511983,53.85525950165023,4
69e9a990-8693-4e11-be9f-0a884ab4a33a,324,18.217566241976147,60.75486294003593,69.36313904322883,89.09284474733494,9
e65589c5-1620-4802-af21-52f03d5f7d91,nikq,41.54275924135335,84.70866266793121,98.711443975287,7.033877840303104,6
5ac00491-0295-493b-95b4-d196f354a18e,358,83.02854024460204,98.13984718534876,9.486972118106172,3.040354250402888,5
ab6d90ff-a02c-4f36-b63a-d6b73c3b5d4f,533,44.91718444396843,75.43124519453079,28.94868186787659,32.77771609883571,5
67c9beac-6527-4189-90ec-e05061e6cd41,498,25.288352431062638,6.02120463175596,61.2059329002549,82.35831154001994,1
ef4b69d5-88dc-4bd2-bd42-e149d7494bc6,786,79.0934980811551,59.09638410953206,69.12033789631971,14.207654157180894,7
be8ba280-d0fb-43a4-8d91-9c31143172b7,387,98.25108018325211,95.42523928614588,45.50861459915296,32.910499537530214,4
92fe6fbf-67c8-4200-9630-ac36e5f19525,lDbd,13.116703485918348,14.163378704882234,19.38026287377416,79.18974609047672,6
0bcb573e-e759-41c7-9a28-56325b1e92c9,bwfi,62.01220612389715,49.96329734668991,84.48206660010888,37.013421516903946,2
bed2a35b-9ef4-49ed-b952-3c920d6341b1,715,91.42444186645892,82.44265976979179,61.23515522099474,23.317357472848865,1
35c29b23-3d45-4dd5-b222-391235e09794,218,4.24398460314478,6.16883176804679,56.90979210418633,33.141434006410385,4
05a240b8-51e5-46a1-a9d8-ffea3359aa40,794,90.52596825288418,95.82994318414887,90.35727009910916,29.13696973508297,8
66e76a13-94c9-48eb-8c09-ca99cfbb8a27,mazg,61.966473969686255,72.59469296344707,10.084278169880378,72.94709012732787,10
b57289bd-cd6c-4df8-a1c9-9003e213ee44,581,16.78467404794578,35.96793809021693,53.549209476943496,48.23418687905515,2
474d085b-ebbc-47b6-a2f1-00e27031146f,38,79.26562861910546,52.19905371182372,78.91913347757021,29.37495338784785,6
ffa6041f-b9e9-4f45-9928-21632cada0a9,633,31.06238686100886,38.87345670504734,91.63559967590317,56.68293058502596,4
86334c98-8d60-4e74-9c7f-77c9874c0154,834,54.88534984399385,90.5019466693605,37.3205826899768,95.45091699346008,10
e16afa90-c79c-4f87-a13a-7d5956dbae14,946,49.32015614750419,6.498790400531718,47.08831433015583,84.26443659594196,5
ea61d128-8d17-43b2-bde3-07a1e9d530ab,223,91.8577451538696,7.789248150906292,13.287978831898728,48.39602591430931,0
a77b86ba-bea4-4154-b68d-382aa88289d3,672,76.35968177731883,81.51238483262608,38.99275962016827,98.03674507073548,6
a0325bcf-03e6-42e7-93f3-4f2a69eab2e7,aroi,23.549612721626257,12.855331815897276,22.09878600253623,13.745886856357624,1
778bfcb7-43c0-4f53-8e65-c3212f30e337,716,60.45283233944748,17.004981607962087,96.71523308919966,35.709467545851815,0
a268a192-1aac-40e1-ad19-7c658475f2a7,kpWu,90.45678714939368,40.3218846876168,39.3703721486014,90.64210458921188,2
3686442f-51ba-4406-8c28-e68a6273843d,371,71.9485361738907,82.97234811234551,16.176477151439883,12.778055138481667,2
c91f3fa8-69ae-4461-9914-299b817a0e7a,555,77.79186401611655,40.630627684416496,93.12132732039731,90.88243316626874,6
6686a830-17dd-497d-a18a-9dd5b99f29d8,834,1.5276704971874278,6.229368831714465,46.7069568200196,9.323300042335823,9
52fb680e-5ca2-441c-a064-a74880848373,610,77.6860805304297,1.329864450267193,88.53892344061254,44.445694999222376,1
5856f421-7626-417d-9771-b52cfb10c24e,599,16.956629064907915,67.88143753033303,31.37856165726969,16.20775058404088,3
d0c26144-9e4c-4040-b101-f10b4672c6a0,555,29.40834842643404,29.8740385546311,80.85766865967906,96.36257620310656,0
6768c68a-60d6-4bc7-8028-e6697dfc4a71,983,65.86074648667906,94.30548752796535,64.41807178104575,7.00222071645954,2
5f09938b-bac1-4292-bd72-b10d8ea99a8f,305,11.206382123380063,85.94406756779954,71.41059567899785,96.78059244094446,5
78aee7ec-140c-40cf-8f8e-3c0f1f3b2807,675,69.1787109906024,93.23006683829608,95.06830626164978,1.4153783220691052,7
8d5e93c7-bb0e-431a-b2e5-66369ebd31e4,277,30.353403714770145,96.08642587530564,39.71377920541895,75.51836604365336,7
f46b0877-02c5-4d89-b022-2b7b16c3b702,hlxf,33.40960961414537,39.8661287120356,78.75433298991823,88.11838470576583,10
13d43714-f53a-424c-9f49-3a61a694b542,6,33.39003959479946,92.46159253551131,76.80764955175152,45.49230883472908,3
1ceeafed-f2ce-41d5-b02e-f7144d0f5022,oxvg,80.36683236994898,18.198649766370917,58.37404685647383,61.9246912752877,7
e07c5f61-8901-41f3-92c1-c672aecbf0c8,273,31.405750681886467,57.54498147001692,2.7167308373034493,91.6600589649646,2
4e72946d-9191-4228-9ea6-adc6d6f6f7d4,glua,25.947531364625288,33.33811388242215,44.192618097101054,86.35202917901718,8
15a2d198-c65d-4fc3-81d3-51f335aa62a1,gnxz,55.12424833728345,48.08280146119962,21.57506109184585,8.120012733819204,1
f8ad17f9-1200-4266-82fe-3a1bae6b1111,gmOc,8.260864000580458,53.52404267580153,3.2842836164469813,87.2137659821386,0
e768ad1e-adaf-4b75-8314-0d596040916c,980,21.59073215667881,66.65701361879609,69.15763789719634,80.17100600102752,9
f2f5e9f1-acf0-4514-92cc-9ccb2c906516,78,93.96340910184712,59.516069534812935,63.94657129911649,93.76371110584446,8
761f5133-cd9e-4514-a699-0f4ec8adaa9d,umnn,20.11854742203621,1.626690176244161,45.56634666028295,46.272682821656375,8
d9ef40b0-9cf7-4693-b795-cbd78db64a98,cjfv,7.477911437222639,3.6241463614118063,51.50385448855913,41.13580265699479,0
e7c27749-b543-45cd-b411-1025911b5d5e,745,91.69684048618572,4.792973344871044,47.55249972652178,22.73719487085266,10
0ad6b226-025d-4a92-b4fb-28a2b12c8d09,227,41.56746736187912,56.69084395013381,66.29605453467832,25.57495970663517,2
44cc85a3-976e-4498-8406-c8e026991cce,974,11.4292397998652,77.35733188510535,38.81005125070007,14.831339484240155,10
611e333c-6f04-49b9-afdd-cfe3a6048c36,193,2.386366634314008,29.36586696365119,23.56550229539848,37.484326621943474,10
2e1774ae-378a-4617-b044-25d7ff9acfc8,932,38.52311958967838,67.89542502834252,65.16496455110202,82.55964528088012,5
2eda328f-95a2-4af2-ab89-2426bfedfde7,kqvu,56.35671013397706,66.91316314733449,18.496445208148195,68.34498460733927,6
51e53134-c758-45f2-b43a-8b17b3c07701,744,13.463585415377144,11.751347733551532,27.121674032757586,60.91907808262735,5
066f00b5-3653-40eb-9fb1-7865417199be,892,84.73138954149863,18.848142832236025,26.8276675156362,73.44491993067146,9
447c0dd7-851b-44f1-b705-e67e8d953773,204,21.915742476512445,90.37424358259788,49.85635029183042,83.64999983542793,0
70460db9-7c6a-4005-865d-7e87760aa6bc,658,31.041234137212125,18.043499086565628,78.71693528797763,2.099016378723906,0
b970c7a0-cc37-4c5f-9909-10bd325e27fd,86,16.77048484385234,80.08304193973352,85.38485410460748,30.943824659192487,5
6b256a25-32cb-4fb9-96d3-316e59be6c3d,203,42.99697932653771,38.8189916791177,52.28910780435682,90.1654287692938,6
d7d0e62b-fb06-4dd1-8fc8-3d948ea9143d,gzah,97.92401372297974,57.53356339145751,77.86259222854102,43.91178310540289,1
0291868e-4406-4b65-9b61-f61f4b2bed2c,186,50.74178998558724,44.80738213032982,67.31784327197099,31.285139331021465,4
eac490cb-c0e8-4b71-86f9-ab083eaebbcf,846,1.8436761272666136,91.11050558606108,59.75104372441938,49.78910643114107,1
b0ffe841-c13c-4b9a-b735-2806e6ae1a0c,597,20.20830726377173,65.51371346273184,64.59338367062465,66.08791868660239,10
7ae0ef55-3ba9-4316-93c3-94715cf33526,942,87.29116976010458,87.7045753948679,82.74962614238538,35.393262299922355,9
e79e36ee-a272-42c3-b97e-5d6135d922b3,604,72.58896014043046,83.90003864986254,81.72971920294546,64.01266676877549,6
a3223a6d-14fb-443d-88b2-0ec43983ec1e,839,57.19528988528534,46.43602832429919,31.99602677220954,47.35691035272056,6
be705865-c124-4f3b-b8cb-a1c8c840037b,207,66.79470769759156,36.69942590735076,54.840899560520654,29.19177903044775,8
8620546f-8e9e-479e-bda3-be185359c284,536,3.774161712661661,61.83348094613105,47.15453942785541,89.1792337555431,1
47b550da-f7ec-40b7-9393-6bf828107c65,743,90.38103512128455,96.551598319012,16.707405084617644,77.45675292710311,1
7a72ed0b-e905-42f7-8db0-7213e6cae51a,51,11.667456982766533,74.67723160469608,23.19410543211168,82.23064315880741,2
1275761e-a61d-4e31-9141-13d8fdf63206,666,68.75915540723814,90.55421902833838,86.60398974897672,56.91071138747768,8
8b3e749a-893c-46af-91a4-c7aa6d61278a,825,38.37005232076758,2.710122786969216,3.152635736299536,94.30863015791996,8
d86b07b1-7a4e-42cc-b3ef-133fdd7411b8,373,9.663123964066845,44.55524635917648,26.345545586381213,61.89276409019915,4
425f7285-197f-4b21-a1f6-e2a981c796cb,,66.50375728273514,43.14626280735804,33.97036771347663,98.75050513907952,0
cb477ab4-3db0-42c0-ae29-c2b13ec32b6b,131,11.96184010501733,52.91778873061141,25.750036956695933,79.77917015790783,7
f078bb3f-e5ad-40d4-a2e9-33f65ee5f8c4,fsyp,16.453025347421423,64.67142940371372,78.11080263996085,97.9381885650575,7
68ba1699-1647-4841-937f-a16ac57dece8,404,36.83890952315675,8.713812047273517,0.6428059053366963,51.55925424877429,8
536310b3-af3a-4028-a266-bee577715931,380,10.025156052590912,54.61384809824932,79.81470373589215,20.03661569295685,6
956f09db-5b62-48e2-a539-19822027418d,735,53.37480058776576,69.05299512909706,73.87865893057379,96.53440826567312,1
41f4f282-4850-45d5-8049-b529d6745247,48,36.15859324232496,2.830834369892188,96.589954377073,6.04583837278514,8
a9044ab9-a1ce-4534-90a4-7c756bcd4bb4,amzD,52.004738260640295,3.302708806621834,12.281957699844792,11.545104147084595,9
b7b532f0-3899-48dd-b017-df9bf2a3b8cc,yQjv,70.13463483202395,6.905748781499399,78.45109082581313,99.53636416929427,3
8ff72c55-7306-4635-a820-b50ecd8eff90,479,22.22178118203313,78.05708294172419,69.95878277992905,54.134809539884486,0
f974728c-e04d-4768-9a28-3f91c7c48250,289,67.1119861056258,27.992698819007323,1.6835393804683685,61.69250411682567,9
8607df27-1269-4e71-826d-e4436032d718,691,58.63311330298434,89.41689414977043,43.11392730745261,6.473732340777216,6
ee851617-4204-4b9f-bb74-9c3fbdd5820d,1,65.80266388717328,27.60199953755035,71.12979750970676,89.34172803065992,5
20787000-f1b5-4305-bfb8-19c0c5e3f4c2,893,35.870204552791705,35.44269521908142,82.07177380200017,53.50830218093796,0
147e87b4-aa28-42d7-bd19-6e03f449cd52,465,65.3781379124825,1.0481704778102174,79.94117403553136,54.267811207412095,2
69025d75-ddd4-4335-9c03-524ba5d91f7c,nwte,24.837074036781317,56.65728435059383,1.0357662215147778,80.42700561058783,2
c42c77ab-1515-4564-b505-22c6e5dae824,tugm,10.98093347116106,56.35578215713648,18.366294303412133,20.359350951727308,6
2f8066f7-0544-4184-87e8-d6d50bf5c94c,654,90.73610135211648,72.58459461402789,3.8903246363563904,3.833365494804797,8
0502bc61-c2a1-4899-b3e5-013f665a1790,804,70.49946586109715,94.56843093449493,53.21360918458058,18.59357340841704,9
42a4e1c8-671f-49ee-b14e-57746a5eb476,593,1.154661302731752,88.12965733021223,84.60923944194624,82.43355076461184,7
fbfe30b3-b19c-4b36-90b9-df68bcd5d853,896,42.06768343893072,92.16376453622844,14.409822710692188,71.3627679871091,5
bdd7be1d-00f3-4841-82e6-4810e05d780b,587,32.76101658508105,5.445595921001445,34.455551430312234,76.78359591951252,6
30d48472-6701-4dfd-aa82-fe8b5900b59b,366,6.019453590980262,98.14872567796712,21.082876061330868,73.63321965955963,4
c46e9e3e-cfd5-4731-8fae-ab2dfabce9c9,jlac,87.92743816189996,89.47047560199367,10.328075316813567,42.574912974402224,2
b7f1f8bf-8147-44e0-8a2e-6ee19ed57092,514,53.83913987879527,90.79471303959112,2.839563460574779,25.80320008187682,0
bc567f3b-5d1f-4255-b0cd-7caef44034fa,532,61.91623149491156,96.16687519381613,30.81772355190416,63.08769165066332,7
98c53f35-2595-4a1b-b7c4-302b92be2701,873,55.57409220011584,50.01717846284964,63.82128664277135,56.89896155886689,10
cee9df51-e7f2-4c39-ab5e-abd1a588b588,641,91.52345605780071,13.063588068543918,66.14625296123987,24.918322211848054,9
ef0502eb-9636-4987-a342-3547d8269d83,163,75.08212390883371,33.933725041084315,13.996207875927093,63.73981487624516,3
c82b377e-ce9a-4d12-9b74-b71883c6cddb,597,5.967400236885412,3.159761207200218,12.35804400467796,10.000338662039852,6
375831db-2b8f-499c-810f-601d0e1652de,133,2.0368999226585416,10.868117023399185,93.22709867038826,73.45061509874047,2
caf17259-adee-4d24-8815-c65a67c71895,327,49.57081018075407,17.95921335924594,14.72825804643435,56.30677675694521,9
e81d7cd9-65c9-4696-9535-ae588e7bd9a0,883,68.50735319319065,24.198025937989865,1.6234428513676402,38.61009473672466,9
7bf5d272-f09b-4d19-994b-02f3ca1a46cd,77,3.598381327661304,42.56991822978421,56.12632492133116,33.451692685383804,1
9e593ce8-8fce-4d52-9eaf-718a8261d9ea,179,18.57058616014417,81.03181968532131,47.969051031140495,69.16620074967341,7
12f0539d-d588-488f-a2be-ce4451a8c82d,856,55.52165077088823,79.62798265236954,90.14208407122456,20.171996743707037,7
17901422-e5bc-4eda-a2d7-e4b8ccd4a84a,157,58.94532347341237,3.562934737070944,22.72388334483876,67.9463096782162,2
241a83c4-cdb1-40e8-8540-3f175942245a,24,84.08047344360405,98.46753884294154,42.8305632657197,55.506339696114814,2
2f32b82b-5a6c-4f6c-857c-d75fca905134,587,52.91089175404154,10.476764022928965,28.025694061498346,0.1571264135292516,1
f01c4e58-d4ba-4e93-b7a2-c3757f5d4ea4,646,88.0654439838008,51.01455048610725,81.33643077613587,54.36167175710446,4
bf41e3f3-6b46-48f9-bb7f-3c9c8399fada,412,39.88697086422201,55.66752888404734,54.46260679265173,42.08206871426937,1
788d5c57-4ed1-4817-8495-128d52a0def5,461,58.107047562863656,50.81621852329583,58.83635995825431,93.2455028841048,9
e2dc8767-c4fd-4cb6-b853-e2b338287246,eots,55.49423149821625,33.348354810133294,88.17899656747717,84.18494805668581,6
c2decad6-99fe-4f99-9320-e8c9c9992b63,703,89.47017526612355,68.01304614398671,10.221926864985342,43.10326902401494,4
f0360cf5-3ae0-4769-aefc-c061a1ce68b5,370,74.80593079760655,81.6611561097894,31.57905356883888,37.78784420163464,1
8b99637e-ef07-4599-81ee-fa3087a0f9ea,UsFh,97.4518039827659,53.9897144459475,26.673243401612638,12.87680218559798,8
f25c194d-4ea3-41e0-8167-ffc580b66089,369,77.6149355475836,69.69202162437603,50.55436461432824,70.28422337313343,5
9bb5c919-583b-4999-b5c2-10bf3f99225f,yxhm,15.195308837027554,34.29167773486633,47.05662400736455,31.721190876768045,10
dd0f9a98-4ed6-416b-a51e-f473ee8eaa39,685,67.3096346033416,43.86878966216072,72.66077019254242,8.343161303443969,1
090f067c-b10b-483e-9bde-93658390fc48,748,44.89676627423962,83.39203700194896,61.991130415742944,15.095098737697263,0
073465f1-ec63-4b9b-9029-b051b4455266,550,9.448628621337118,54.7322669802719,51.54987155071079,91.61922207473442,3
d335ba87-9e6c-4d7c-979a-93fb60b97ee6,340,46.97652093357731,62.62399094747843,39.3387693813235,42.79930797868865,0
0eba0fc8-7dda-4305-b3cb-cf30a16df289,Itne,20.509305983855853,85.49540810454907,71.97723362877733,61.85632532356513,4
f29abfe1-aa96-447c-9520-e23148125939,688,34.74204841470237,55.25789045914951,4.168175283391928,33.262798804976846,3
514b3722-6143-42e8-8028-f5e914224a0e,Oysx,28.069216103578874,73.8190970882,88.86618014746392,95.541501385202,2
80002d78-8988-4697-949d-b6fcdb346ed3,300,78.98487580183225,61.31768738769169,42.59563902732905,85.38241148459099,2
c3362d0b-ff01-42ea-b295-86bde2ed4869,753,28.937542010697303,33.681520408367064,27.66876247932612,99.12930516740126,7
33db64d8-8dd9-475e-b8be-4c403054a7b3,851,11.906649285475712,13.55390132821308,71.34713750300213,27.337518966395923,9
1035270b-fedf-449a-86f1-d500dd2a4c83,wafe,53.25602902637245,20.042748755313667,79.89667739196894,13.78748505840276,7
6a290eb2-7ded-4db0-8d9b-52c5f076453c,122,51.94778584597316,82.0340637408742,9.957170851072394,0.9363892331661904,9
e9a940f7-1ccf-48ec-b57c-acd8c070deb0,515,73.53891571356417,64.08235393863728,73.19626013001161,50.39474039003448,1
b1ccd817-4811-4246-a399-c195228df54c,368,96.87010262401655,96.4516898789175,34.797894299897,81.80053552570166,5
92ce5367-9c04-459c-a15a-3eba6f9d3bfb,995,0.0169064519345174,17.702823974705606,84.45308082267883,44.48369664892146,10
21baf14e-e470-41d6-be7b-fd92b3a3069f,krr,74.63752237999317,91.98225708432832,10.98330536324359,81.73774063977147,1
894f159a-5b2c-4295-8353-ad580090b04e,695,58.43101450024605,63.291902627667504,78.41981530457134,37.01127015702473,4
538000e4-c8eb-47ed-8ad3-c4f1b33c48c2,919,93.36855138120458,31.97797879657128,73.83170070416647,63.780438274805874,9
26496420-84d2-4fbb-a00d-dfbbd9d5eed5,598,11.421174201943796,21.03068928453056,39.87454651882454,82.64594069414312,9
5f49d7b8-c7de-4864-b0d0-00712b09a35b,627,99.55787216865689,64.45580215469484,54.926113213047,14.47574613079732,1
1decd0b6-0d2f-4642-bd68-c5f3ee702263,533,10.19166696474374,33.51860138031763,5.486283911883493,82.62831530302279,1
cd41b371-e791-4b43-9c5e-ebe832dba20b,551,51.54040812744515,42.847951657745256,63.09715724087636,39.8348605806566,2
7ef22351-096e-43d6-862d-aa8da2ba70a0,gcrh,3.383712439419806,20.541570713896373,94.91877347924878,70.01936636726947,6
dff020e5-412a-44ef-acf8-50478d9cf143,11,94.75364150573895,75.400550672476,78.02514796336251,7.9766400335175796,9
4c318e61-2093-4fe6-baed-277928f54d86,317,89.64950386015754,46.664482529287774,78.16609790929296,28.91099684434068,2
310dc306-b929-4a1f-9357-41d9bebae84c,57,92.92182223333768,51.833031523234695,60.03415593494401,98.34210756094,0
81c53770-19a2-4c8a-85b3-c364f41dfb62,168,99.89274088279046,42.51827918850432,96.1284815022823,17.214960464290264,5
c3c12c1e-d6cd-4bf9-926a-c8a3f971d23f,216,78.0992448616962,20.642108886388744,94.96424654475138,22.807678022737065,8
c91eb668-b132-422f-9362-bea0616562d9,vacx,45.48274916483162,6.496086094978216,95.01379207573036,21.647385087882064,10
7e0a9f74-f368-4812-b763-1e4571a5a741,967,29.213922924824963,50.918398313426536,15.357139549911658,4.729098653428965,7
ae2cf7fd-e77e-44f2-a006-da334f0be358,zaij,56.06685968087534,16.05544732574974,45.00718470141082,74.2012911178527,4
7afbf209-bb88-497a-9b80-925dd4430862,205,64.50861038703292,49.300619833735446,70.41809309054922,83.15806189362648,10
5e1c42ce-e8f4-408a-bc67-c30475830c65,881,88.82524266796106,86.34035086302045,12.257182247065469,28.541803949099588,5
1a6d211d-0c93-469f-a567-5efec46c7055,512,25.962247944881263,49.87436565036462,82.18069666447455,54.474947661699424,5
055e2abc-97f4-43ef-bb37-cf1a3b9e524d,482,6.476727041731256,95.78828891179104,23.016503586381464,76.60664882410674,4
b52fb4b2-4767-40aa-a946-c5e0bee97b16,uyKv,2.3748110817202184,86.0766772376635,30.696480735170784,73.06107973745502,2
2e7b6bc5-ecd4-4a09-a2ac-1b3afc9d0b16,670,33.54812758925307,99.24069429256376,37.157412721715474,14.847541017229393,0
7f19c137-1ae7-49e3-990f-36a637fcf932,521,32.579343561721075,2.083068071178895,68.04224508794384,52.3672723589614,6
5f9563d2-ba05-4ed8-9620-a8b8d6d7e170,591,25.334750720358144,10.453519877196928,1.2166331154124133,95.82558339701067,3
5bf3d370-04f9-4c5e-b722-a98a31fc6c51,91,71.49019710363258,25.659596456985888,13.133486266808893,57.28096788395449,10
8b7f9c94-ea2b-4d56-80b6-758835cce84e,311,72.57634578643865,50.463694736785314,63.677883545453554,58.35178417134773,9
a0e2c942-cfe6-43c9-8ae3-a3f670080d43,430,10.073327214361427,82.72704357506868,95.00485332677704,29.9330785487288,1
13a6ced1-f792-434f-9464-5abc325644c4,828,91.3916815630582,11.508751885797652,72.5365429795298,43.69773599513842,1
bfd9fb4d-5152-4134-92d5-3c631965b603,199,68.35413921260275,90.6044864305606,71.31040653362338,30.84370412416635,7
905f6b4a-4698-44cb-b05c-9677eafaf559,ulbg,82.10379251252063,21.66311498601048,54.36848078831938,0.8864022377475411,10
88fd5454-9586-4602-9eb0-f30d2e80bb58,88,31.02732652058482,50.50914756212007,76.85993539970363,27.173037029776413,3
6778380b-4063-4dd6-9ab6-2db5551b640a,118,15.848236662427084,57.71206114515106,34.171545160017445,70.00909201810343,6
db0d80f8-e011-4d48-9919-73443e1a2504,451,3.106924707828862,5.965925558153129,11.661224435759864,74.73733132800294,1
0572b9da-bd2d-430c-b3e5-82f243430abc,sl,44.368429729253,7.636240326557542,23.46998626007084,73.8985985553921,6
be085135-6611-4467-b0ac-8d15602c6005,516,12.11619971471185,87.6639769563513,10.382080364019163,29.44720042146212,7
64107329-22fe-4f9a-bf59-bb0802bc3bc9,rsdf,48.82198039885077,91.31431291216742,53.96562348411161,35.80611119973683,8
a10f2381-4f62-48fd-90a7-845cdab906e0,867,70.78468778829186,99.95049955632108,75.29408083428419,73.09647134625469,3
2f9b1b90-e7d5-4ba3-9988-8db2dbf4ecd2,cofz,61.54577875031247,10.798181530866646,63.04906314582236,0.561475854265947,8
9bb8f8c1-9778-464a-b870-6ce4b567ed2f,818,89.61228003762915,34.641086279471665,72.38212631176893,46.42932122779128,3
34c30ebe-f167-4906-ae75-f46af014be40,569,30.890871578505152,80.78565389792321,79.83337881214527,88.76741579496422,0
2dafe6a4-db75-4496-8fec-c11ed0864d4f,56,0.0187519258437074,56.63398995588085,32.61938346351805,86.14738383592653,2
f71b141f-0da1-4459-b7f9-ad99ad8a4fc5,239,65.06820677076531,12.49737536676161,64.02196074769044,32.68720581318345,10
2b043f83-32c3-44c5-9e1e-fd9d479b6ebd,846,13.090192672796464,36.28058894189924,16.771521516621902,44.00039646179038,1
9d6b6d96-d21c-4ef3-b83e-6fb22f1b738a,41,26.293923001563112,99.7061255436372,83.9723763927757,61.39920856529972,8
882302d1-9688-46d7-a699-cf410b665e2d,aqji,52.38685341295,75.95073541912238,84.13059343125049,57.03730132788536,7
93a99f47-de08-47fb-a5a0-3f438f132436,709,81.10562718462079,56.473180946006266,0.5253535476315241,16.2875948394401,1
15f4e64c-e29c-40fd-b853-00433773242d,689,15.562240212375688,7.13365453513517,62.96869831270916,9.579955819929308,7
7f99092f-c30e-4609-b11e-f1f84c08c70c,BLcl,66.1188600942521,2.414432459456361,72.3773660730917,62.1362511214347,5
93645850-84b7-459c-b59d-36a1447f5300,Sjtf,58.912812647373904,62.82932946695825,48.8865481427451,77.13454367995769,10
f46069f4-68cd-4643-af82-804fa201e04c,744,76.42243423374417,82.97076986233695,35.162640707895484,4.8443328211592585,7
dae7729c-ef52-455c-82dd-e90b3667020a,184,91.9236709994031,26.197902191027577,59.389335484367365,2.251933307797793,4
39867eba-d88f-4fa1-a129-95f8d1dabfa4,602,38.053810509396726,4.40144197457748,82.37771984689701,2.3420222752258746,0
f1012159-aafa-403a-8ab8-6cf406055d7a,963,53.19786073001461,40.504101000054895,7.708746564811831,82.9202945590421,9
9fa74d9f-0bae-4437-8b83-37e99a1b5f51,72,4.665666908865196,71.26980904701884,4.0050345954855455,24.99245709723089,10
32f03742-fb91-4b4d-a979-015fb24f7e08,204,97.75619501276452,51.26721239191633,59.46288470112586,84.99095083527315,8
0aef903b-3500-487e-be59-e4ffe837901a,446,24.655945406813697,3.911332863332584,27.49577959433561,34.29693674975724,0
c258f36b-4978-4338-b15a-8258399b0060,522,98.63376829813257,37.51392824000446,61.89904161868596,6.04293645793118,8
77d4e022-1517-49fd-9d32-c5b5b4188e66,72,41.20742135818743,69.55177770450491,39.48099454504021,79.1528311324164,3
b1398bf6-2509-4ed5-9dee-eb7f86550de5,997,58.720550320655406,48.71153296111882,71.52034754076804,36.21640236828675,6
7da86c0f-c766-4888-952c-909aa92e5bdc,702,50.75993732647565,68.40508822820044,41.59666814967069,71.5374886817269,3
778783d3-5526-40eb-b00d-be2bec0e430f,167,95.05193911224652,79.23555997203383,40.95319502288286,1.783695232396065,10
3fdb5ef0-8d55-471c-bbc2-ecbe7d198e96,fyue,96.0914691179042,56.75835152801415,52.77931943175825,28.45526425656868,3
ee7df300-9dbe-4a5b-90a8-29eb2afddc76,491,77.0664710808743,88.7891909963156,60.36449913685864,36.51005221786578,10
a0d7594a-1d50-4a5e-9cfd-64d666751c64,864,80.62721364654041,58.00663485065618,49.90504852177301,74.93311295519217,3
16296697-6eb2-4b95-abf4-04102418f4a6,267,17.4065359534022,44.88797659076508,22.311389977431084,8.036857128479568,3
7bce6285-b09f-49b1-a004-e6bb47ea56c8,907,52.34995235631968,58.84955414934715,94.23353583179896,99.64779071729976,10
391c87bb-19a9-4881-83a8-bdd7b8e178b7,262,87.68988901608304,65.69832397827683,32.938660122748416,23.675239242794987,10
e5450caa-2fee-4905-b9f7-b095d60ea518,158,2.1886711346561727,95.05834153595852,50.20067973523402,54.6770696501124,5
b83ddaab-27c4-4772-b7f3-a70634658daa,161,55.91908926675939,54.51696430891929,31.92894004730189,44.92735295949432,0
1bd07818-2de8-4d39-bc1f-3e27b203c03e,463,78.52828446601235,28.89202068000024,79.61357593169333,9.512542393416355,0
35f4cc1d-d218-405d-94c8-975cb8c13c2c,734,42.97406143717919,84.53387686883111,26.80698697881074,13.537871687128632,2
377b98ac-f997-455c-9fd6-0fa3bc40b034,617,93.35252250810116,37.05201161193541,31.73160796642801,24.434398120121514,10
318779f3-6845-4e3b-9cca-1e1853f12ddf,842,10.514595762887035,58.49147178026672,45.41970109395158,62.31912363918235,6
4ca2fb77-11b4-4871-ac54-87c7419c039f,568,42.02420368756903,60.75811583590849,31.45149540279516,9.62295134984098,5
7eab7415-6e24-4933-ac64-921dc6313764,173,39.36701043993303,45.834415136499615,19.62733010431148,84.58600253884279,1
61016ab1-a993-48be-b59e-0f7cca15b343,h,4.758478836459212,33.485665607304924,99.34838419282826,1.0619448541612564,5
5c877381-ae82-4576-919e-5ef08f1a80af,916,74.44757857576198,9.337874949515568,70.29632507300167,3.41254636253544,6
f1fa90bb-c606-43af-83dc-30b100fe3d63,vFol,52.8206629397551,66.91742298050224,84.53484218429023,77.57689290096634,10
90eb4bd8-e490-4d89-aeb7-d15ff981f603,ezrj,70.9075442660683,54.69076260193136,10.520146179569425,1.1444696197386306,10
c77e5cfe-9ced-4e0f-9557-126fbcedbf2d,155,68.20097730307725,77.03974037481024,81.39138023326066,0.3737570952945357,2
e941bac8-d515-4e35-9832-dd98540f1eb1,732,86.61651321109062,64.8694535609732,82.20346595972309,98.65009595315595,10
8d70187b-209a-4926-9bd7-d0b7bd5997ad,213,18.227726074113736,44.54504527254517,25.468075935774305,87.15888431115995,3
63b92998-c598-4f61-b2ab-f21a48a8ef63,116,72.0558066193866,35.80404009259479,81.19559252843523,12.820783873191022,0
18187bb4-662e-465d-b4c9-7997d3ff47fa,cegE,84.87229374880683,63.49650635923726,51.69947390088614,74.10390087608944,0
ef591216-e0b4-452a-badf-88e61e066687,ksky,92.63320784772588,44.89832326076567,43.55266067776853,71.08719872215879,1
fac3650a-86df-4de9-accf-faf1952da2ee,785,75.26015506198286,57.12965628911928,45.49470787111288,95.93890191989084,8
306ef984-04cf-4a8e-8322-7dcc94ae4225,391,69.01623465224412,71.78788368066705,94.75678267964888,46.25265208314149,5
4f6c42db-7a72-4b66-92da-c8749d07ec02,680,11.775478379856718,98.86070557529106,4.746634446256404,54.69453357762223,1
fd7c9f41-deef-4873-b8d4-4747ca468ecf,jCxr,58.27836039955145,32.179706426154,67.88519415166967,74.2388202631283,6
9d7abca7-3e1f-450c-bc5a-d3773463bc1c,729,98.77036155142312,35.173582346620115,5.1342813477592175,7.911994105343501,5
241860c3-895e-423e-a965-b8c16ffdcc50,Okxr,36.43308652339302,53.69590450477767,94.90615649197316,93.36670449020976,3
5687c62c-eec8-4b22-a6c7-ce9fdda85648,kjxo,88.00752416331574,80.20769403965826,15.481658803355336,58.97453371526044,6
57ff38d4-9cd3-4ce6-af92-c3c12c881c5f,869,98.3602833843572,76.11980331744269,46.87251298846832,86.77817854659612,9
caff8818-a51f-44eb-a004-fea61b868d5c,110,33.536779071875166,48.39899454145742,80.10999390535916,4.6151281913138,5
519fcab9-af15-483e-b699-b59fa5f95265,55,77.95865304398252,84.04275690966847,34.4103130865164,17.14758238945837,4
adebf56e-8d89-42a3-99f9-319b75be349d,597,25.747851063017315,61.46248544947768,16.057668255309366,11.816408984189374,9
b64ba5b1-c72a-4c7e-8179-cbe5cbdc4199,458,8.303667707447005,14.11283691757752,84.34497299897568,85.90849439009153,5
d1e69bf7-6e04-4e9b-b13b-2686cc609a6c,juow,64.68972714149825,97.05448541900076,22.610260878896597,53.59715937609843,1
1d48d091-2d8a-4598-9b0a-904d08206fad,bdRr,47.10636295718948,19.645592731922054,33.37297519828722,74.96829786722665,9
bf0fa96d-9ccb-4f4a-bc03-3121b82c5165,899,42.61523390169353,94.5427340780052,0.3311501786580906,22.23431147113083,3
a8b86339-69d3-4747-84c4-e5a40028be25,89,19.89875624145421,88.18053641201092,70.89164469457552,72.49072992290408,7
ad01188e-436c-488c-8437-355f38a2ebf3,ybxk,13.026574417949854,67.46757259624155,31.85176506930055,67.96629248756288,3
c2f1d071-2d71-4cc3-9b3b-b4e4b18daed9,874,48.88658832068028,83.156956331967,6.92268645566454,12.100059123260989,8
74fbdb70-33d6-4ff6-9f1f-a6ee8021ea87,tanq,22.1622646391997,86.08504735291169,53.22661287128307,13.647730420938842,9
bbd2f310-9939-4a36-be1c-ad66f4756157,655,37.45886662848808,2.058643724418185,31.92647576023405,36.64764133909178,0
8723503f-3d5d-4335-8809-954554376167,715,2.619788595315242,8.456507510769596,56.66826569475492,62.35836042736152,3
c071f4b0-225b-4fab-8165-de0da0911468,Xeix,3.632975419084372,51.92616223583063,27.52172374032772,4.36419814338519,3
4f00cf49-6945-491c-b864-c513c06d6ccb,hefs,59.06422768301789,74.78145375641739,95.31236889770985,84.13996361822623,5
8d4f56f5-0c0d-49e3-92d6-d0d473ccb6ad,ldyw,80.81265906724533,5.458055288172881,69.41138401746541,21.984752259877528,1
ae08c98e-7abf-4541-aa20-7abf1a17ad9f,416,73.96032918260353,34.728868611308314,77.6310434549069,55.745554224924376,3
88336fef-f4e4-4dc6-af46-e2ceae3553b2,340,31.86685943408699,38.39461372235255,33.08465497082296,9.471162733511074,2
7becef30-26dc-42c1-a18c-671c61f7aaf0,913,97.9691101868816,39.79918846837517,3.213712789971912,16.27395412906817,7
5c01cb35-710c-4de7-8746-34525b76020a,jwrt,22.639680874711956,99.53356376743326,41.8749427113015,26.13956070453619,3
723526d2-bc47-4860-a5a9-53b34edaffe9,xsoa,56.989722131754974,81.16738628693308,3.742634869826522,44.75417219449413,2
b2e1514b-3456-4035-844c-d0d306cddf00,559,33.42551124876616,97.40093733250586,76.43979942823584,9.509317356890268,4
e90f5cee-7ef5-4f71-8586-4add10488915,826,81.86298236128083,81.82345083479768,82.78257449099983,0.019884268650494,9
860e71fd-8398-4fa7-a8d1-cb8c8b1533cd,295,16.665684492719656,76.99307403960925,99.86501090745428,13.082047305928343,9
0280233d-7027-43d5-b4ca-296abc0d1a32,679,39.23122896370857,10.448472652391072,13.358683785870095,33.917330777409504,6
c42b7722-f39c-44fe-afb8-539e5fdad140,253,92.37996351567328,54.05652329189281,99.89427619053475,15.269384222893024,4
b35f60c4-2a32-4dd9-a1df-048ebad2a8c2,667,0.4259536478122383,77.38128478966439,41.94110416626341,73.98430162174809,9
5435d130-e570-487c-80f5-73626f89e654,406,50.1585927942256,38.55274458345755,53.40736477975276,29.840533629444632,0
6a7fbba0-c542-4615-947d-3467d5250fe8,498,11.229710054410768,78.24172831361723,76.66430117863868,54.0682388620635,5
49576b5a-740e-437b-9970-169ce26ae3b8,991,17.65283485515208,27.2853291225608,14.659927824766129,62.64868123687452,4
607740a8-9e7f-4c87-a3ea-40495d82c2ec,568,31.62242607307203,39.18003694943574,36.80545752583561,31.018742868923923,8
8214b718-687c-4771-a706-855e1fbab7c0,313,40.71211258921819,66.16966090873122,83.77055644940069,70.80247875103876,9
f054ca44-097a-4f34-b7c7-f4abd37b06bd,njMp,21.594639143188164,21.991092013002422,85.80312604012146,58.84450246889168,3
203fb38f-0fde-4625-b24b-a9361ce9c987,463,65.39924770045631,38.756402098882766,33.769485419673984,69.13620294428632,8
15704669-34b8-4add-b86c-53f1079429eb,403,42.891027889681546,78.14475457741058,34.30656154370118,70.56031411439008,8
ff628711-4e1a-4622-a0bc-cfeaad23d0fc,378,59.26177099414455,94.65432489403806,87.72189270220792,55.43038943667127,10
37d7847e-0c54-4c38-ad3a-0bb87de54ee2,8,93.33250308931306,7.450990315558615,83.98449232644455,59.90068663462665,1
274cedae-5dd0-4cba-80fa-248f0e280f56,173,29.23863538944937,29.13061655202477,43.26626720935659,88.56984957425861,2
214a8e46-01dc-4494-8627-7868d2d50bb3,11,94.75882095500432,95.245951194428,45.08391447934478,47.13564614360474,10
ba6632a5-88e2-4cb6-a529-119ebd79ff25,152,51.65651956554416,7.551133418351041,12.5322471545532,83.85096018865119,4
41780bee-54be-48a9-a952-3b1586b7100f,221,85.91826511706002,31.40739288530916,89.87310467842873,56.02874166794852,3
96b99f2f-6b47-42c7-9956-39513f03d3df,13,47.670311058228535,77.74185159869477,48.69992196428999,42.19212466653958,10
a099be03-dd0d-4e6b-a57e-3d055ff02e50,294,68.67570836071494,16.97857223906126,84.34691028976388,23.32566658695005,7
72efdbb2-085b-496b-b99b-9e1e694a5de7,525,6.072547006064566,50.28338434660968,7.302351876262025,38.42832409223742,1
9a5e3442-fd73-449d-a859-b0be27a100db,135,69.39133748849554,85.1013432211911,38.305326770810645,51.30840098310247,2
05ba57e5-4852-4969-bfad-7fc7ee91a1a2,7,93.05772021498984,95.5825064568003,0.3933698522874063,22.876347531498908,5
e9399952-1de3-404e-9aa2-57508b616968,970,66.29313580255565,35.58235161583484,49.39043034478887,15.701054140330562,8
2fd58177-99c5-44c1-8b29-dbaf204ec3a8,231,56.44222571757987,83.20896747614648,66.81331355958417,60.84548905785122,10
98ddbbd8-4bb4-41f6-8f19-5ec9eac49f75,794,45.08528530070643,57.3921551453838,87.91725646497525,91.04665869970424,4
cdd537a4-42a4-4c6d-b11f-b80dbd197592,218,59.72061344716101,84.15852442947232,19.33708500294886,45.47686776908009,3
374584be-031e-4529-afbc-eaf3947bc231,514,95.9325818645242,3.488455514912403,86.08468122708311,94.28400282077536,3
fcabc190-023e-4e6b-bdd5-ecea58918aea,811,86.15431553411472,88.72325410657206,56.31145187726781,26.29615598182864,10
fd20f2e8-5fe2-4a08-b856-4f8aa438afde,727,77.3853904164676,80.33566499628012,17.869910878823347,12.432344177666488,0
c27255f2-ce64-4e39-9bce-57252c0cee52,262,23.571261107293594,33.45569345617605,52.2469938211738,91.2794280714295,1
175fd723-5a09-4021-9f3e-65fcec34beda,bhnb,85.37949270918264,16.945773431602372,89.65559712190999,31.001328193535294,3
148cf934-e728-4fdf-b61f-737066669784,665,17.992683456932003,74.33429938387454,58.76457422167716,38.79302883456547,7
576cca73-879c-494d-96dc-67f8bdea259d,733,60.50901843321616,89.77779719379603,26.38131713059264,52.029896146619926,3
a75cb15b-5cf8-4b18-b9db-3191b6d47016,bh,73.77599005485604,52.27922366337406,89.98957157669297,58.97753599829517,2
229227ba-9fe4-4609-b377-2f86126abadb,hqha,22.17557466666292,93.49321418819792,81.59112562503066,67.0155929832255,4
95c10839-9f3a-4400-9bb3-ba5c9a5335b7,551,35.55054655130894,55.61599627983568,87.44115830359964,76.34852908070118,5
87046280-27df-468f-9d37-b1c48a18a93c,ogiJ,92.766578486989,94.8771615138633,55.28267268201413,46.79710811966969,6
4affde95-f908-48c4-8cf9-ec99026e5e92,936,59.720782801625305,72.32731433610866,92.73300548192952,37.84474739149535,10
82b4a8c1-48ce-47d4-9467-e9f88d4de018,996,44.363472498480405,36.5463269037072,6.773117759282766,22.832225927657777,6
2b01f96a-5889-4875-a987-a82c40e966cf,533,79.72148108313536,83.65807307550615,4.331003052568128,34.58224635518733,8
23a7b0fb-2bb3-48f8-9ff5-2c38b72a2eee,461,68.20833876778072,10.183854887109511,26.208377793913662,13.764749221715087,6
0934def8-15c4-4682-84d8-62715dd35c13,625,22.09106832107073,28.57915018338224,47.468622065196286,57.04057797628078,7
ee6ad959-8bfa-43ca-b271-a68e3c521082,365,83.91306095573489,36.96505714534616,58.249269501123656,75.71490225274063,8
658e519f-4dfe-4253-badf-9d47537ed0f6,923,34.68199656847125,15.484607381995383,68.32658343724431,15.39689300036221,1
414ba294-6984-4951-addd-8be679e85bf0,jcyL,61.309270785627646,73.2040269394223,15.67705319250553,37.46002703374627,6
3cb5bf94-5609-4e4e-9b78-92e52d37f742,dawo,97.9597801291464,78.48424050412231,23.02491538848067,61.57259382332524,5
944071ac-fdd2-46c9-a449-61e3991d0425,75,12.710167090462743,23.842715048519647,43.21734297164343,56.78372168003069,0
9b60cfdb-0039-4f60-a924-e2087180e2df,842,94.2373855244642,20.76937882822756,91.48093553993736,94.59533498791455,0
0a91554f-517e-4231-8873-dddb76ca28ab,672,19.236585973267275,24.13655666149344,79.66658978850847,69.7588762403691,5
79cc1a05-694b-4b8c-b23d-191152e6ac34,87,39.15197448215453,71.01448705899847,16.590544006853857,13.551032917799963,2
1d82757f-d57d-4572-8ae2-a79f708cb776,746,30.65398059657216,32.72595095304446,3.8881539557657607,15.34121943361656,2
011dc658-9acc-4c91-b455-8ecc47932b6f,910,57.53057038415479,88.65354599446361,25.521549333727144,57.347767068065416,1
32bfedab-bb59-4218-8971-031e383b8313,vlnv,96.33562246747309,74.80116681763475,2.0320905392905098,91.13139061653604,0
66ed81cf-e353-4de3-86ba-be8d3cb87a68,828,50.38086092459939,83.01337296949805,55.20478298451884,47.08006874880907,10
27b59d9a-cde1-45d6-9bd5-2f272afa4c22,959,4.583630864178911,58.13332383152119,97.59499666117514,82.25739894098353,4
66b4ec8a-da87-407c-b613-ac1dc3a49229,877,75.45964204476871,75.58925260744516,79.93531140713304,43.0088096795904,6
b26e5e2f-4691-454f-967c-6698363da508,247,60.31828566493392,48.830424045226486,8.705879819482265,88.43773165582365,3
e89ab337-e3f0-4a56-8109-e3075d53b570,117,92.2443738493772,88.1009910159705,5.570587659055004,57.479455930828905,4
bae8b079-9626-48e7-8c57-80578b3866a7,251,70.17288091071462,49.18385386925223,9.320522969259704,46.37449283119622,0
1a84c8cf-7505-41b2-8a55-248a85093f83,374,96.04946350631866,60.78076929550146,55.07411089194398,7.453712760690124,3
7d62d932-ebee-4e64-a446-d801318ac570,153,72.42803615939248,70.62921578935378,67.03445797447858,5.347919636505505,5
1a716b4f-03fa-4580-8302-9f3458620ae8,976,79.1331470920918,52.45518082665457,40.30271916713279,86.74822442193836,4
ba28a574-e18c-4d41-8cb9-a1ce633ea6ed,475,54.57710650061584,56.89724280906152,30.234956204747267,50.32903948718101,10
4c6d1fff-4ce1-402b-819e-d7ad073fa0e2,252,33.82494020817002,20.672703832857,96.21529720434846,25.311821046018306,2
b00573ab-1411-4729-a19b-1a39130f2b28,523,67.2909607973797,18.30474405010336,15.609731173672923,68.59519668346876,2
e8b4f003-d1f7-4a7e-930e-e5e7862020da,622,81.33258046565092,22.856222504175484,10.284136241259356,68.44183229092754,5
9c745a51-a39e-4460-97d3-6ad17c0e4f5d,907,18.572838598481432,91.59060262850691,24.754466412070432,56.02807870512546,1
3ba3edd1-b85b-42cc-bc5d-c7e7a347a334,887,40.61084219296923,92.20926226906764,48.04054664546384,87.95192708617193,10
b9736a73-d785-49a8-8cf2-4f8266edf960,402,19.29549294973294,1.2250638454136098,56.97030679784875,6.007020624194115,10
fa4af84f-c82d-43f2-8fc4-9c9e8050b882,750,91.818128128584,39.04361243681726,50.875991237866224,57.462553566134176,8
8cd831b9-02bf-4421-982b-a12851b81d0d,bvge,84.67990397017702,44.30143526965276,9.772034663997475,79.07384680907586,1
90ec6b0d-7ef0-40a9-bbdc-a7a2fa1e77c0,403,99.33762222573776,39.99188476903846,34.678599669245145,16.221819420939664,8
0da434d1-50dd-4af3-8a61-c179f76d8ef9,Vkxz,48.71947986424604,27.978385418601626,38.01417160936222,15.951906268462537,5
87f6bdc5-01b9-4f6a-9a46-1d0d8c1023b1,892,58.1116486500728,48.61027636849568,75.46402230948132,67.0042402292338,7
de4f35f9-148a-4164-85b2-a7d00f66f035,5,43.26334492668874,35.728317257869634,34.87012634941428,2.608954967528021,10
61872286-5812-42c3-bdc2-5a8751c27406,852,15.030691913703208,10.70235000326919,16.168540933339713,0.4808855650905497,2
288ae8c8-e702-4825-854a-82d635b7eda2,242,32.400977402704314,92.56857721524202,2.595355632198304,7.578959633149395,5
1c399940-45f3-4a8a-9d83-59d54c5f8580,339,90.86667554294236,98.64568297939898,37.234315425172696,41.17726034468672,8
c372a881-5d91-435b-871b-1dfaa689f48e,832,35.79336186268796,27.82768017792233,6.6104752471706,24.28659752146092,3
6bb3fe45-c5ad-45ba-a79f-1479bf371ca4,632,97.70296394669457,91.17769319189678,53.68032817435402,45.44594587967564,7
89dd08ec-ee67-49af-a817-a1685d306bc9,899,15.125308941404093,44.35906013826284,84.21171461212036,67.42190286104801,8
87f07f5c-eb74-43cb-bc02-b18ec2c80dc8,751,3.5668976501471605,88.92487496594467,46.75364119664639,80.75101054773094,2
37a4571a-f481-4976-b602-0363fade3dd0,gnbk,15.244632996066876,65.00498550929194,56.76341773071876,16.203074384453366,7
69d70d0e-5a52-4e5f-8368-8810116064ce,GczE,35.76143951096692,97.47941640960852,17.673724985240025,81.54530464772203,0
02497eb1-f4a9-4ef9-bd3c-f9abaeab9ae3,sbuz,19.076320950576097,36.27618693893103,10.2321950743394,4.868440471584989,10
16a5b78d-2f77-45b1-a422-06321a18461c,247,19.70259881385382,5.281148961183934,96.5381536047447,28.079408033483823,8
cf9bb3e7-6025-4672-97e9-10324ce161d7,752,53.50312674432346,10.083301332728444,98.89211296860944,98.32724308266256,8
91d409e1-752b-42d6-bbfd-d4d48d66cc1f,384,99.0968437855238,70.51686955703765,55.61765324552853,84.60475151864168,5
1aa40f0f-a776-4fdc-b1e2-fb4d5ee50457,573,76.59311682385176,65.62010865395325,27.20620475954684,32.744939595907866,3
d8bf6ef8-b455-41a6-8c94-cc5ae9e7b9d3,221,33.47987019228832,81.07967450553595,87.34971397807027,64.31948899838657,4
4c90f736-9592-4226-aa96-bee21be711e2,347,2.604930751175949,47.99655729492881,8.424182629050014,72.26076983256749,2
7738d586-f67b-4561-8c58-9b7bf6556ed8,450,77.62224166765724,91.29892015636288,3.146356092334324,57.96835298014942,9
1ba88eae-4c86-406f-b011-1a9946e5d704,914,1.885178374652885,21.19036369088959,21.50949314950823,32.773674751692425,7
34c1b583-d208-4ee6-b61c-c90b79c7e08e,560,50.578898374054525,63.650889053098126,3.360217852253755,72.80995417128509,3
2fb1c623-b9fc-4115-929f-64e55b343d85,564,50.58227507581911,78.60552502341208,17.915076874397208,42.85025546564639,8
31294c56-af32-4550-a21c-36d774316c76,399,58.889220685809526,13.066013368447283,37.0497545373213,94.92733211070066,0
c1d99b8e-b1c7-4d8d-b963-bb35e5608a9d,aisu,48.87831525339198,83.33246749258966,64.1704347997623,99.4227516514998,3
d125b76f-721a-4ffe-8c3e-b8f9dc39dd17,520,34.42515534252622,66.19604255711614,79.98998454562677,71.5201181276007,4
cc212a89-9b97-466d-a0d7-cd40c305fe53,98,2.336330674080356,8.435867357935134,40.06955116741025,29.904744351347457,3
5a94979c-2e23-431f-9057-c39b10eb54ac,295,79.69188819925748,35.09478625521672,12.20458160753325,13.135758332247804,1
bb890ed8-14ff-457a-983c-3c3e812f6647,rixt,51.14264588102888,1.6072737482393684,43.73724284225505,5.074031584843064,0
83f2c1ba-af5a-4799-9531-79ccaeb18013,ubir,26.44456474296497,77.78540600304153,53.39107534560812,83.58420140920363,8
85c7a2f9-dbc1-49f7-823e-eb10ccd3871c,413,91.07370072560155,27.924996314456752,76.4151413027759,50.516199188449605,10
967964a7-f4f4-455e-88aa-3ad285139eaf,733,64.3085134231214,79.40253143990039,15.393367400605252,82.56209896329678,2
9da081fb-c07a-435a-a539-d33b5674c34a,50,1.3329237291972884,83.11386183866897,58.096737929772914,7.873020927788255,10
17942a54-a9b6-498c-ba3e-734136fe29a6,545,17.370561181742815,82.00468393321188,6.822208884840785,68.27869280966264,0
853db42f-9cac-4b67-b680-dd2bdb32e20f,930,38.33715582202698,55.82735651990512,66.14217320030741,2.998412525576444,10
04fbc356-f5d5-44c3-93b3-921df0f6b827,461,13.708625691200917,6.464601033830098,36.84551201174152,45.05131247422831,4
ef345878-7e3b-4360-9409-2b0794e01be9,705,81.71876277021973,26.198756520605528,43.99739393192925,0.5678396940926755,7
2bb21943-db01-43af-919e-1382b0bee790,566,46.68209576122324,92.81120617192752,24.51026995956993,23.21403643439785,6
55c842f3-522d-4af3-b3c1-2ef99f067a2d,308,76.42625114303627,56.51208972510473,93.23181207105806,23.26379621413993,3
811739a8-c43b-4020-9d45-9bbb8a5bbb1f,563,84.20320170940114,78.84970559853507,61.205386570748686,0.9795847862888118,4
5eddcdf7-3ae4-42b8-b65c-04e77f5f94c4,687,36.77482842026357,27.444778032611527,3.614782600714361,69.97429874341474,7
fa1f6830-154f-4435-8e8d-495e42b28be5,fByt,0.5677441760836732,49.731262938595286,17.030884988299334,56.61505047089149,2
09002590-0624-42f2-bc62-9ed06ccc8f04,192,78.87866554173645,23.041370247604178,42.82208104855109,88.59520905159829,7
6d99090a-900c-4a1e-95c6-93eae6ac96cf,510,91.42974212957932,93.1127791973126,14.710600926352912,6.317428237468592,3
3b40ba15-47dc-4fee-a749-d861bb468c56,803,67.66069705864994,81.0050341080133,79.907034429199,22.37890186520043,4
c961be7a-3bbf-4fb1-a08c-bdd70608e369,187,60.62638586308473,6.905835841491026,88.66803862857896,95.49604789268746,9
5f2ae9d4-b6ec-46d1-888d-f0848e4e4bbd,933,63.058518773672944,40.99414932660497,47.32825035590324,15.492024630779454,6
6bf35066-0ae5-4676-a581-6b36e660cfe4,163,59.333052799992245,65.73153422644545,55.9931610696468,68.06624016606561,1
a0a944d8-642c-497e-98e3-6ce5cfa35455,633,80.44163877745946,92.70679492170645,54.59388180292785,90.93590688423684,5
9c172d21-4c8e-4e86-81aa-879716fb9844,674,6.677692943724556,32.857496645094265,47.85867662050297,45.0172482659979,9
177c06bd-24a3-46b2-a5ea-696b50f7156d,38,67.69790981888343,8.337386993153917,9.835476944343336,97.61605256967748,1
8e6da494-b262-4228-85ea-326bb892938e,896,98.14575181940714,90.33238179185302,15.689052195180931,91.43621511272988,1
ce72afc0-fd70-4691-bf31-8389349d6895,357,42.65925833960548,33.074875555218206,6.511420900843346,37.15438960527783,7
9c67a2b4-93e6-4615-9cfc-3677f9e92d1d,500,42.46992259016535,67.08812210315888,24.506326687048677,22.77978950805816,1
dc20d8e3-9a68-45b2-af6f-3f04b9cdbfb4,539,45.54918108749816,35.565275167302815,42.721718101042526,96.30091499356878,7
e1098ec6-dc89-4fbe-bb1d-13bac921d46b,145,55.41919280214186,60.58120095395692,76.8085341218911,5.049435162235771,4
df740f27-c3a4-40e3-a812-a158611a7739,930,75.198585737465,95.24789184882876,9.358251917684,9.193026823476046,3
de299cbd-0514-45c8-a1d3-a97a51e1f506,414,42.12028108533704,66.56529363071537,93.32520667447744,53.71169721241554,7
84155a5c-a1e2-4eb8-bde2-9299feabc271,779,69.9910933897734,34.478637131453205,18.599083709983372,79.61777130479427,6
83446db9-916c-4d8e-b772-faa7f5c4f092,924,5.674531137809991,59.58425963900022,63.53155085163754,18.34713482895468,0
a51b47cb-30f6-408b-8ca0-4b01bc8c06b2,gyaF,10.377228312212116,92.50233502435532,70.92745516596804,61.16742641346601,10
341d6f12-12ab-43fb-82f9-d22ff43eccfa,,58.39659573294682,16.492778969791676,94.0705571230127,80.88526917182138,2
9b1b1cd2-9666-4150-9551-1fd0329a4b03,801,30.789297803107416,42.06095802149268,6.302294204374803,2.188700295200019,5
c8992496-aabd-40d3-8bbb-327b958075a3,747,93.560111459062,70.01920119014146,59.83932334885039,62.34899212534785,0
07c95bd7-5962-4c77-81ef-124cd0a2df93,640,40.637904274546486,26.05890591108543,48.07061346498228,5.416449450610427,7
72a4e14c-60cc-45b2-b19c-acf2ea50cf43,433,52.47199521321637,67.45212726885815,77.47830132056879,4.074099136235465,9
a6278b95-f359-4e6f-926c-a9f578c0da0e,954,79.87848260654606,2.790214153001014,33.71313298430897,49.6161954945778,9
d7cdd583-c8b2-45fc-9691-a02bfb66608b,680,78.29103719384335,84.47447026320317,36.23873474053858,0.6967989944695163,5
fc4c48dc-f097-41bc-a77c-87c906f8f369,166,37.75990302446264,71.72646731124902,89.21534852426899,63.71821472586261,7
c322e6f9-9b3d-48d0-a8df-c50035ee82be,zNbh,54.38704035227831,16.673295494783392,4.150843832438023,34.974877322677735,5
0a0a40cf-5e86-4d57-9455-d4491f7b8503,40,98.6268812920325,38.58382711512954,36.4466602487549,44.13142080481981,1
