id,size,speed,axis_ANGLE
bd3cbae8-69b5-44fe-9e01-43e287e148ef,455,38.13672018886518,59.26888106716732
dfed33ae-2e2a-44fb-843e-e2aae7b4bdab,anZg,91.280736582682,92.20566313607702
42ba7d3a-75cf-49b3-8339-5b448f21fa3d,216,39.11939575230632,77.96930569337847
6654676f-52ef-4035-931d-23fd12e94437,919,36.47535495203975,95.05579533204508
8e5b523e-20ec-4fd3-9e31-8c378e244655,280,52.73307949107764,70.04024597510653
c93a85fb-8b19-4c06-9524-1f150e5fcbfa,360,63.80085958839295,81.04999302573883
a7a9f563-23a0-4d06-bc2d-eac739ef4331,428,68.61634578064204,43.23469559167445
621d28a0-8658-4a61-93f7-2c4d3653cea6,748,1.8778891438741896,81.76061290365962
316fa997-81dd-4974-a5fe-44655769306a,Cjaf,30.04739906128897,69.20066420455355
0aa97fbd-a5a5-4701-8809-dd38c814d425,282,34.933912350330445,54.12396840808872
a6e4c103-c4ad-4083-adee-cf360792988f,917,71.57667346651789,51.339407460168914
73aa99cf-a202-405d-bc05-69ff015b9266,256,40.31435045296931,10.722341667711907
f90cac6c-b466-4427-aa01-8ce4642773a0,500,66.02824800092503,2.3465141889458585
00a02d3d-a029-43c8-882f-764a9dc3574b,152,52.76503521714142,65.1107969225651
14436a5e-88b9-45f4-94f8-e6e80bc393ec,14,54.84171240005424,73.82444919792215
9dcde2c8-254f-4324-a41f-68428c711f5f,101,55.48962637435688,32.80458942468621
47e9c38b-beed-4f9a-aa8f-ac63bdc005b6,idkz,89.28137484732979,17.10488648194226
c38aba3d-dc44-4e42-ab66-65e9d568794d,191,11.556395843461454,97.05235019243833
912fca3d-cf22-4e21-8e43-6818b2dbf77d,18,29.398026261293108,93.64717401665908
d13c592b-caf2-413a-8536-68b9d62abf4e,277,54.68616657561196,88.1859385040874
8460deed-14b9-444b-8ec5-ff7bca9459c5,801,60.88928907041735,61.1733510846909
5459d077-efd3-4315-8f34-f82c28dfd12c,323,20.166918816496093,86.03403033218878
aeb0592e-b146-4d56-b8e3-494cfdccb51d,38,55.12016677985015,3.839190804941861
03ec9a85-a84a-4c2e-a59b-6036d678e209,165,47.852898583413605,98.5797272526646
6d014b26-8e20-44dd-b33c-381300580a7f,878,17.746353894772493,94.30276638812258
02bf4ece-d127-448e-8182-76cc1e35566d,514,44.084503236312976,13.28109730384156
0ad7358e-5b17-4b1d-8684-99ae7f9c3a19,874,4.064682182654289,95.40541469617824
6deb6f5b-24ea-4893-a91e-ed00ea7d53c1,600,84.56072132096676,41.76374912338603
5423654b-dfed-4abf-bd16-ca03a73bfdc9,668,73.74772550857955,98.5318498030236
af16c8d9-7724-4bc7-9f18-525ceaa54c31,nekb,78.02756932834069,37.53577396039537
6af2be1b-e735-47c1-a5b4-2dd7872a50a9,468,99.89093485673824,67.3509773165151
6b816be5-fc9b-4dc9-9de5-60317afb1c3a,212,80.09878854303656,28.80553262842817
cafccd92-1481-45c7-ac53-85f83ebc6473,727,86.0614997596399,29.87252008575082
043a0fce-08b8-4fd7-84fc-76a0c64f8252,556,56.68575979594296,27.900007244413477
0eacf9e6-b010-41bd-a101-2b5a27299901,eRiu,40.1757831873016,18.668693351017065
dc2f08ed-d511-45f5-9f04-75b4018cd3c9,148,22.67443602625885,64.96062713776108
7e7dc479-234d-4c81-aa5c-b163ded84214,728,32.89271142599711,31.429592509315285
61f646f4-76d0-4756-8ab1-c4d5814b2048,959,23.11028355535272,49.51766189044869
04a3a6a8-8659-4028-908e-0fe7b6578b91,557,97.38778202971176,85.77460381909819
ad617478-281c-4baf-90a0-429dadc03c61,448,53.82348127393919,27.717883991472117
923ece1a-2835-47f8-b392-b16d5ac27a41,300,47.69528953016368,80.3311741484303
073d3ccf-f41a-4cf6-833a-94218e824355,87,89.163428088888,21.848016861350583
32999111-1a02-4ec8-b7c4-03000c55f3a7,24,72.14620165855712,74.90396661917858
bac91a02-e3f0-4024-ab87-9a25f044c5cb,29,8.482937343162899,59.712867638052025
21dddb54-ac31-4648-ab6f-a64318e12d22,97,94.15278523279724,49.12072086069112
d82f05fb-65ff-4e31-a4fa-8087f8ccff1d,724,11.786831676246823,95.76700325754916
2be61d2d-6d30-4416-847e-b9e2f49c5dcd,431,28.477295669647585,97.9653404407529
204687a2-f375-47d2-82e5-601e180e57b8,861,21.50919861145112,6.599336871707284
5920a367-ab74-4ab8-a678-12850da6c59c,122,53.322424053048245,32.26349476406214
503bada1-0dc8-46af-a469-2e2a232f21e7,luab,84.23680239609095,75.74039972852653
bca0a5e2-d2b9-4ea1-b478-13d10318c139,578,24.37578126174974,67.31204952766188
8011b1fd-9af3-433b-b772-640c814f05e9,273,78.25673493343099,5.190734660087748
60977e17-9d48-4c5d-8873-a5e15ca8884d,309,10.96732303532082,21.564011070515864
1735b5f1-4bb4-49e2-92b4-5f2b47801945,txvo,32.999425660307345,10.211298407391
17c84664-7155-425e-bf99-4c4a30570332,891,25.50373590261721,36.34505291327993
7fd093ca-9c80-4a6a-9b87-7de9f18a69ac,19,17.778124278142183,84.66600258366674
e247598d-47fa-4628-a889-4c22549dafa1,ync,10.07155179949909,27.40681558735193
da194907-2cee-4d37-819d-d4ecdae0fa71,613,26.934695611237306,91.20679267559804
bff99319-d108-41ae-8851-30f0dce278e0,160,15.50869104458248,95.9190222799593
cf1c52bc-9d82-4554-ba2f-4f4a0a8aff90,275,44.5963279778663,36.13108510237284
fe3ef154-998f-452a-8859-e52215e28575,473,60.37514357950421,84.34881478134506
ed150c6f-f989-42cb-98f2-85457564bc2a,kaNn,87.97284170826138,8.647476963866808
f7fac7f8-db36-47e3-8aac-84e987286450,35,93.5164309325414,63.781434138692426
746c8c69-1279-4bf9-b352-52eacf0b3465,gpOd,88.70526234421133,13.982441100707078
4729ccaa-e388-4146-9633-374ad19581f8,aAxf,96.7043682911641,49.13858567525471
a873726f-99e0-40e4-82f4-83ec5edcfa55,995,97.82244074950512,51.245662350562135
b83989f6-c4b8-4fff-8495-2b5f9aec56f0,377,66.4083528438311,32.09279598936915
00d4990b-17e2-46b8-8701-dfd7e976803e,516,98.32434263538076,71.81260113984105
c758470b-43ce-45cf-a9d3-5f37922ea05f,65,31.82749821668409,26.1037861185924
33845657-be73-42ad-9b71-e31292f29809,201,1.4558676347259605,7.013853129084968
843ab9fc-54f6-4964-bbdc-0a0e1cd24ff7,434,5.165092460073472,48.38122280381568
249f190a-b0ac-4d4a-9d8f-26100fc6b115,371,25.23080277181914,51.190103558189016
a660b88f-ff0e-4ecc-9f2a-057ab96d140a,286,81.9517348830943,0.6053266382322509
10d040a1-623a-434b-a7df-1bb51b3090d6,949,68.8175319703978,64.11935003665667
b40a0416-6288-46dc-a294-0c3cd84b5072,jqkh,2.16615749156217,2.6295509519007165
148400c1-4437-4565-8125-cbe1fb9ba762,231,54.96620631051138,36.33396449537165
2775504f-01fe-4885-9ec5-984dba9bbfaf,139,61.45425376857831,38.37582142593961
2e9825dd-2d10-472c-8bd5-82417004cb7a,262,30.82748632077642,55.2772539551796
81d79d32-5fac-4950-8c2e-29ab199dce13,544,84.85028420965928,59.0741761984028
37f9654d-6df5-4161-8fa1-6ca9fcc4d24e,tkil,55.83293587319445,9.801276000605242
7ee95aba-5935-41c8-bd81-20ac7dae1ba6,897,26.91146517612607,7.1524176194626925
4bfadd6c-72ea-44de-8f1c-bfaabce807af,767,74.62445153557869,81.06522176327768
b2bda3c1-1ba6-4ca5-b56c-6b37389e0535,731,78.3126379866949,53.18828941172838
4599a489-eb1e-4278-bd73-f7213242618b,rmzw,90.60427308643716,13.040998223706335
13426ea6-62a3-4724-8d77-dcfe9b65d522,318,85.89590205229761,90.24890710565931
2182b6cf-4673-47fe-ac46-b3837fc7f051,452,16.006965239877513,25.592984121767397
c8ea8d67-bddb-4dd2-af1a-1d663c483f83,423,81.83185386327109,22.120589136370008
932172e3-a276-4cca-b4b6-8bacbb79ec9e,875,96.30105117967166,99.5906221611337
2fc05cd1-6729-4fe0-8aa2-020c84e139a6,485,83.22646572476991,58.289487398854
eba40f02-6ba0-422c-9359-540f4f1e5078,88,60.80924679171813,99.71674494699872
211a90ef-577d-442a-ab5f-7207dfb50413,229,26.853332729561743,65.80170603232946
889ec9bb-234f-436b-8d90-7151a1e324f4,541,50.377128752948366,81.94857700240486
1cc5f9a0-2cf2-47d2-a53e-041678bd6f56,749,57.446853101193526,29.63974923708449
4d766c7e-6807-4635-8dfe-030d6269ce49,qcev,89.88231164518943,7.136874143022243
a95c74c7-0a82-4d2f-bfa2-4930b9576876,255,84.82424926117609,35.00052278501905
a511b5a8-0b1f-4393-aef6-241888985122,ysce,21.70813832965928,49.16614304724452
2465b92f-4384-4bd6-86df-1de0584712bf,34,87.7561721022366,27.44276635119576
5f39815e-85be-4cf9-a28a-28033e237ab5,562,92.635615696618,51.06708859764622
698b5155-e739-4c2d-838d-5339c6b0191d,eubt,17.625002748849106,82.6442647764279
4c9d9b6f-a72e-46da-850b-cecab4883d2a,164,70.25988499574063,83.73611155198758
429dbca7-7f36-4a6c-b6b4-214e1886809b,721,67.03697722737864,35.354361926382985
e4aacdb1-c92d-4652-962f-9c95353d36ed,187,0.2432817965301037,10.239374472977223
c6a9af97-abaf-4839-9ccc-5c557503c015,724,38.46308435175314,37.0925479486661
62d63cca-cb21-40da-8709-ef7715716ef7,462,48.79928310067009,9.942788726375683
a4c84a68-f427-4358-8756-58c4e168d79d,545,25.005102746697936,38.90626947985261
1150d6f4-dded-4937-8f1b-48048d5a9b36,368,49.02565266917698,15.17845837224745
7ab0a09f-b9df-41f4-89ab-805213628513,393,78.21878063273742,52.61726794579615
9c1304ce-9dc1-41f2-9abe-35e6e7c47baf,320,70.97015963068455,58.10555266555002
89f7792c-1fcf-4597-8183-fb72383a8bbb,247,20.930319121017305,92.37885275188134
31f2feb3-5952-4708-a72b-f4d1b6ce8f0b,709,58.79205783625929,17.995780596742406
859962bb-2ddb-4e18-905a-33df961f33d7,ghwi,37.245052128679056,59.27985244606698
78773280-8180-4cde-a44b-db2754e31d03,402,71.63079669763106,42.21545088343191
7907c22c-fd50-426b-abb0-f00f9b1aa44a,219,81.96079566406004,65.071000416142
47ebb704-01ab-4d42-a8ed-1f8363605058,eevg,77.39446725222041,95.25445410258622
22356188-aeb9-4e64-88fa-869d99d32ad6,212,38.20415000026895,91.99340200239575
666e032c-6eee-4025-95f9-d97a59bfe472,843,47.67306451955064,30.556516570451684
e6e5d1e3-8433-4a91-9dba-9a11dae74867,683,75.44407453176332,21.667425944498675
6a58a61c-18a3-408f-bef3-645e53465fe2,660,53.36673056647121,81.6704023468501
83e0a01b-c52d-448e-a51a-153e53d4c363,661,47.65706108145677,24.801485365488794
055efcf4-2bb2-4abd-9ddc-d18b4b8ca2a5,717,92.01080309006086,17.134550740121878
d8862160-1adc-4139-b88a-ee494683df36,446,56.70593415955707,86.5431102863888
e59d7ea5-9919-482b-ab1c-316ab112edea,494,53.50326170639386,91.26342597367066
be2b3d41-cd63-4f27-b201-97bb15f7a637,96,28.41314015526666,96.00929492361972
356f7f66-7e8a-433f-8662-68dfebcc6372,147,91.2638324247217,4.93514424835213
5ff49155-6197-4383-b4dc-953270b0d49e,825,91.4038300309668,42.156046777677695
8fc3d584-5bed-44e7-98d1-742b68c42508,638,34.982587728892966,11.407560728806832
9a319e55-033d-4e6e-8c77-76a89aa7c7d0,328,10.049435837039278,89.41133341324671
1c026ca4-877a-4c67-8e52-62a3bee19a51,333,42.36068818400639,27.09188277204133
8dc1de8e-686a-43c0-83bc-0bb0d9dd19f8,86,0.6177761966696504,17.144849851869182
91c8b078-5cdc-4e5d-9972-348da1ffe326,140,90.21573754636827,85.14770309991225
918ede2d-3825-49aa-a182-350b98457ad0,518,54.13380553846976,97.8020148348022
6ec797e1-03d2-4378-8956-cca295a127f7,bpcb,74.80180291883867,95.13962069498848
b82494a3-41fc-41f1-806e-ba8314678717,203,22.47290263408928,30.788814397101905
8509caef-fed2-44c4-8620-5fe52c798fde,289,24.245442497670965,81.62635609838688
58acd5be-a87c-4cf8-aceb-18eac54db4d3,463,81.96685858397646,60.68399565993566
f68dc35b-4eea-4592-91a7-f0d5afee61d6,692,90.65331326052537,20.568133993464052
c9277059-6f3f-4773-8234-8a0eb97f8f9c,975,65.93158698000062,11.9911790448767
4a0bd5f3-b520-49e1-bb48-818743e54f64,924,19.201637567752893,10.854908099713644
639cdea2-8b65-49c6-9924-dd7b45ce759d,xnAo,31.417897409314875,9.671645668396533
84ec997a-2fa9-4cc8-92fe-f7d52b3a7dfb,302,34.76346197970501,87.96346387462293
d4724929-fb26-45c7-ba6e-8ce606a123c7,156,63.19937926714192,39.74055710347733
e41906f6-b79d-417e-ae41-b52b602edda1,401,95.50775129489476,4.97326691701071
4fcc5390-8d93-4473-9b68-59ccb4835bbd,631,47.86384390522643,91.86004476154372
399f31e0-92e4-4be3-a4e6-349637d4b800,991,33.6795215999859,82.96579754604753
40b36ea6-0bad-416f-bdfd-e624b14a9378,974,68.6845330522082,31.99604313196055
7a6311a2-b7c1-4682-b413-3ab22c7598d9,851,42.75118599543944,48.44017112012735
376b8f6b-5100-47cb-9fbb-60408a9c8802,812,43.60145357148974,16.35811344668514
23a83c84-5f6c-4ac6-9a08-cd277ed68410,372,46.04555293094749,79.49991286634165
2d49b8fb-d6f9-460e-8338-839fc3096407,253,45.19260698767788,84.0445327216281
04d1376f-a4c6-4c4c-b582-68156b78822c,341,1.1990443921912397,44.7728817523702
64b42676-47c6-48e5-bdea-37b64e7690d1,801,16.451485350908047,22.157316741683477
ec829425-09ea-46d4-8641-84abd354bd7e,902,46.89978503616239,98.45274006463968
0940ba17-5fcf-47bb-8612-94664d0b4d36,iGcj,67.8556282793566,15.218080769216511
bebd8a99-1433-42f2-9255-b8586d0ab370,mIwh,53.43977764586268,95.77849542495252
23168418-e899-460f-8b57-a773027e686d,qpDp,7.550826349159689,49.50225941491424
8e8cb2d2-f65d-4bfb-a6a0-4087e51ac836,879,71.88347997089548,16.194425658050115
84f2cce7-6a11-434d-9d13-8dd2704d6881,82,19.716424970237988,51.24155426196255
b826fd77-7856-4cb5-952d-a4fd4c0ce821,532,16.984609902489677,56.983432662816526
d3b3d51c-91ca-4dec-8ebe-54a00316353f,180,86.61541489131417,43.92991061937607
7a68e525-f210-4b81-9444-6bac41adc3e1,210,86.35597664954318,43.98625182621838
da2260ab-c3b8-494c-9b49-a59a171e3aa2,301,50.73231498060119,34.132290422223235
883f8e17-2763-45de-aab5-110abf6a197f,129,22.01895300500646,71.89419656939037
8b583c9f-2712-4aa6-915c-300fcdb34ee7,147,3.091294496954733,22.894415316649653
4d1b804f-41f4-4eb1-9002-049b2a3dab05,803,43.09018095855885,55.487500336454
edcd24f7-e35e-43c7-8ab2-b21236d3f3b6,361,3.0050621089609875,13.861770237194804
f097fdc0-5988-4dd2-90bc-60c6e94a763e,769,3.3665106730485617,9.634756245987418
f8e4d88c-c37a-4afc-8c79-bab831dc87de,636,94.14191985117392,61.76511086663685
3f38c38b-9625-46c7-bd18-496a06ccaba1,765,6.022915747080837,57.60167266264461
a6e3459c-535b-4184-ac12-851a7dce98f6,860,44.43769103032391,64.42554076691263
889040ee-4876-4e05-afa0-d885481b5d8f,yyin,37.95541382223702,42.84669868439147
9ddc652d-547e-41c1-8fa1-c34100edbafe,zoIp,49.24638183101141,41.43332787442348
f957c46c-a2d1-4c17-8644-8a68696ac9f3,140,72.61854470481968,60.93839317889663
a4d79793-78ee-41f3-b706-730c0e6477d3,iqyr,51.36125945880167,21.69419087325621
8c279ce9-a912-4967-b4a3-76b6849505fe,482,61.75637448233835,24.267975542536437
b27e2eae-c0d0-4273-84ea-21e50784df7a,263,7.4299880083454894,89.851998217634
44bcdda4-66ef-4091-bde4-c96e95feb8f9,629,74.86542108792761,50.91201840788858
2694bea7-2ea8-4fa7-b174-46d91513de98,892,41.27876164731193,86.83067457145577
9bb69d5f-756e-49ff-b51c-e193231aef02,mcam,91.97915271369848,10.19287696886213
f59d9868-e6d0-4cbe-9149-974061cf1852,vaou,88.85060996968302,61.12335034056192
6b90fc3c-c91e-4739-b87d-542e6ef5e2d6,52,36.78658778282284,11.377707716013886
7b9e26b3-b470-46f0-835a-2ab4c94744a2,656,65.20254870313745,76.00043674324401
4d73c9d9-f447-4724-a17c-8dd7eced1782,rcyv,49.65632939601405,84.8144022718092
6668fd6e-7ddb-4d32-acd0-b23f3d2b0bed,322,97.56309978516248,80.27821571616278
868bdacf-c95b-47c5-a144-b00cb51caf4a,795,96.57564117943856,22.535650061119195
b8a702f0-170a-4e80-b97d-39ac1802fd9d,109,23.09525786726864,54.28536148470491
957b2f92-6a9c-403f-a283-30c0c20753ea,188,64.45896746778538,75.50467753961418
b4e5e72b-bec8-4860-90c6-8b8b200aa95d,134,85.00878474955036,96.0041688588959
d1a6f178-18c5-4733-8c6a-eeb7cb934f22,tocY,56.89970876979985,59.70694419351885
ca847e22-70db-4b71-9760-10d727ac0668,103,89.04315044251359,69.80130717493019
e2ae7577-9bb5-4c99-9730-51d610507c67,tlgx,29.67340331727342,99.41452737297382
231c61aa-58e5-490b-8da2-842333c07cb4,408,54.977190909153705,28.42226259011532
d0072705-8f06-47df-b3f6-b0be70e6c122,217,91.39735423700849,67.95296722644493
28fd43ff-2992-4b8b-a874-8a8379ba2550,450,39.20618138051562,36.65797944073808
a6eab770-a0e0-40e0-a24c-cc7a52db4272,681,26.177123771422607,30.662717028010235
4c15df5d-3bd4-4f8b-869e-57d51ab076f6,158,79.15258422466695,96.8992908695284
b1a05f7f-833c-4a3f-98dd-089829cfdb11,vsgw,72.91971939808604,15.597607017804238
bb944561-482a-4cfe-8aef-42bad47bd1f4,228,49.03284994775328,89.74504177192625
c371bdbe-8313-42f6-aeae-5331e8d040ce,142,30.99643591218581,18.54943553424372
7b5faf78-5f3d-42fc-975b-51c8f6e36a3c,132,15.69532398142025,23.43610369315976
f9dff690-24de-4985-84be-8433ca02b8a6,614,65.37608129901072,47.65665615530981
4bed67d7-8ce5-488b-9ba8-be6555b5ad49,882,55.11296028052843,21.644858569082214
964a38bb-43de-4245-9af2-46fd820af806,826,3.626122806887488,73.83450287675582
27ca7a03-4430-478b-8d86-dd29be1a1bc3,152,48.60512506340038,67.43126698386634
af811706-f451-49e6-9fc4-b24bcdbb968a,406,74.15528365514606,25.16691614399036
78ff5bb2-934b-43a7-b927-e1f1e8d40214,698,68.97559537004838,88.47351156129491
330371db-78f9-44ab-b292-b11c07534f57,981,4.483110837299165,3.138368261217705
cd8f77b7-cfbb-48d2-8a39-63786d5d0c81,260,61.56149797116193,47.62371591189524
1ede9cb1-a528-4a84-a007-9fd10c96df11,zFpP,49.28919709297645,10.440938106665351
0e719969-de0a-4fb4-8400-3716182d722a,595,5.946624416345204,25.2633976124094
15f86cfd-50df-41c2-a284-ba251522767b,279,67.8404365060292,14.375781746640214
9cd623b4-c0e9-4e63-9350-224f794c3ff4,278,28.22881654815319,56.090871424676536
9bda601f-2ebd-49a9-b4ad-6cf25b13ebaa,robt,86.83481017039676,36.818181929685736
a294ef84-6dec-4b93-a90d-6104291a848a,399,52.81903376093595,50.99543726655931
e29a1296-cde3-417e-b104-1e1854900d24,940,89.26034430607851,30.87942991380748
a73841d6-58a3-49d8-b69c-8a37a837f081,dzxg,12.904220507339591,62.20808444237528
10192d3b-92db-46a7-8ad8-e189744b81ae,692,96.63031238430575,96.84677047041788
5a679b72-a8ff-4506-840b-0a277cb5bde6,118,99.65289103202394,86.92047135293255
46f7c47f-a1d4-45ed-bc4f-f07e1a176380,511,64.33764043482125,49.32416191874656
a3d11ae3-78e2-4573-83b4-14673148660f,559,30.887545183454336,45.695298486469504
17d50aed-9d26-4c8d-be19-c37d921c0eba,fbSg,45.054247142190384,41.13703358428423
34221180-e919-4b94-9946-9f1af265f096,kboz,15.587100600359516,56.80483792826225
3a37a5b0-9a30-4c3d-908f-39c8631d9ca3,683,67.75089724364395,49.1375686991963
e388df63-9880-4998-a9fa-466f3d72c9df,854,65.45032457176005,34.19925770962917
1a5b8136-650b-41fc-a2d5-266d9ff3a88b,tBVl,31.51332862171069,94.67459764472528
792e354c-c588-478c-8390-21cbdd3c6e90,451,55.7983882305053,70.16438163205892
4b2009c4-b964-409e-bd37-0e580c3f08fc,333,87.32725118684455,94.0871424824917
6e3436ff-043b-4eec-b61a-3f9193151257,722,11.073059877059722,39.02549197605288
91a3913f-2640-4b56-88a0-00c6d6ae9b4f,562,12.528204651677932,67.6250144668552
8fe576bb-4f4e-4446-a651-149b6175b89d,829,37.02109543135641,74.6902381246623
a0db2422-fcb4-42ee-b613-1592ea86a309,963,47.72568024649571,41.54864312244592
50bbb998-0078-4518-ab2e-05e0b69815e7,238,38.35995495875575,46.32257219959352
5ddb3e09-9229-430d-b05c-e956b24576c4,815,60.95390145081782,18.843824914128227
b9153e0e-98cc-428e-abcf-7f33049c16c2,469,36.02146235172157,50.86700144951305
8d2db5ad-db3c-4487-ace0-f837ac1766ec,952,88.40931812147136,95.9097461423743
b0fed52a-2d0d-4fac-89ba-bc99cb36eaa4,952,71.58509651697862,6.767089471338183
93bc3a03-95c5-41e5-8589-4ad0e8ab2875,608,6.084243229538444,82.90526148042848
6ed4f611-baea-4678-8b51-e0dcfc222244,774,73.23775988500296,43.07756478666143
b7d55e1b-24cb-4f33-8e4f-71b2ace0877c,120,59.59725072714419,60.740792143326026
1a7f4586-c88d-4e96-a5fa-9508f74a9f2b,745,18.27931936976277,69.58491123107355
f875d7b7-41c5-4242-8af5-13dae654509d,799,49.83869146850273,94.64399653386847
2f9c5c5d-1ea1-42d5-9ec4-f7b7d0fe0bf4,211,74.1680797283357,88.38865480273645
46138cd4-e703-4389-a8e5-ce8e736523ea,995,35.82897811430572,90.38995333364738
3c90514c-7a94-4cab-901e-75a3056d4c60,95,64.50869193856343,58.91052582595405
1b6bb721-e9d1-473d-aea8-c18ff7aa6a23,768,38.9854553909812,4.076114501632199
c29f7133-3deb-4c9f-9201-726203fa8671,852,99.03313640849096,5.186714463287201
517cb0d2-98d1-4464-8474-dba8baaecc4b,110,38.209444988470445,17.368235571238888
77ce60a0-5d00-4350-8e60-0ae1ad23b319,246,92.1084739832166,48.85157791546719
ebfc0c0f-5403-4bfb-b576-75c58b53a5c7,215,50.90387866552541,30.18500179928495
826e8011-1ef4-4b53-9143-92bb5df4e62d,821,42.08305338568068,56.11234765800468
e4ac32f4-c966-47ae-8ac7-869eeb900a6e,267,58.96944069335248,41.24438317236071
513b5ed2-11bd-4377-9292-dc7d24afcdc0,318,37.56618731289228,74.61306864189719
092077e5-d1bf-4540-9408-3cdbd9e94758,901,45.79906237126546,94.55618322028964
3d1f3e88-a07a-470f-bbe1-6cd9bb54716f,153,86.26588447111281,20.383413068557456
255b7a11-20ae-454c-9e79-adbe9f26a7e6,239,86.4889830907166,45.720860429838986
34ab5746-2cb3-448e-a7cf-047c61b86e5b,758,46.12601285519866,43.21770782991796
9f449759-7e30-49ad-b1a5-324ee6587d19,lwqw,28.55872266335606,39.32403743003536
a6cdc264-8073-4adc-9a63-3a07eedebc8f,700,35.29390630955243,90.48773494004898
e69aa8b2-99ef-4456-bfc1-25dbb677ea8f,932,98.67776763568972,58.251058873164766
48554396-4f33-4deb-994e-3344c5c24f97,yiva,8.76500606618601,47.21113711393431
e6f48924-4b7c-44a0-a79d-b86b0b8a14a0,332,92.58909019122628,27.800733336581395
734ea465-04f3-4e5f-8232-840a94f7500e,796,7.1972694872874605,29.98183277082489
f5f76663-41db-400f-956b-53fb09dca575,qcuo,25.88691382462335,7.516474443780352
716b3a7e-689a-477a-b95f-085b282c7a1e,232,79.44922391084839,9.515671683499626
b01c0742-38b4-4baa-8ea1-077d49c7821e,838,10.856914213354262,83.44517265792327
c368626d-ccfe-44f3-b373-4df820a32779,209,70.70370910183325,55.46737782978457
8c43ea65-30d2-48c2-81a5-b5a98b4ba970,204,23.23968443709557,61.26782550333228
727e7a88-200b-43ed-a044-c77379ff5387,597,39.34628822188099,48.04611608091016
c52c40d1-ae54-4ca9-982e-96400fea7329,277,71.10953578818577,71.16570428489547
9dac12c7-aee3-4221-9376-d8cb8faec994,983,6.939651376650224,85.6825979466711
c80e3892-8913-4e56-b341-1449f38b8750,665,67.70033964376275,88.6859964193535
31713736-935f-49ec-9a67-505e007155d7,758,28.25720998006608,25.378001205075385
8653a061-fede-40f1-b350-e6ac7edbd48f,273,2.1006548775008405,31.902375362267133
f56569c8-9944-4c2a-b78b-361e9d0976e6,19,64.14034148878301,86.15347831572079
00e0f34e-f49a-4a9d-a1d1-ef663a27af6b,396,84.76079840152295,68.52135505117839
25469580-c52c-4ee2-8822-c39ad4a3f7d4,134,46.63386117625401,14.834459495443031
7ecc89b0-132a-4efa-9dc2-a5aee479724a,929,99.87998904023668,43.44805586415242
8f5a0a5a-db23-4eb5-bdb4-56e385ef46f9,493,72.16970049944909,32.432690071972225
93ad69f7-5db8-416e-b63f-a95c312a2496,880,16.85513965683946,84.40163190135239
d28421ce-5a04-4562-bd4d-f8bdcffcd42c,600,11.127286718775444,60.253772309831554
1628f486-15d6-49e6-b5e9-b71d90ae8479,670,98.89451727231582,75.06628642761927
865ba5e7-115e-4524-ab32-fac87c6845f9,636,97.06493897825848,66.51664526888351
3d387d75-ea43-48bd-b1fc-105c7bdf4bea,411,11.819970888388209,8.357657530019269
d47e7caa-2943-4ce1-a964-8a05d8317265,3,16.817176731395712,74.97995965137643
866ad055-05b7-4ba5-b43d-e321028f25f3,686,14.505263171895775,66.0465354950183
804ac5a6-4556-4821-b9bf-c3a48a1b56dd,334,73.01456100680585,37.91005618373329
b35cc7da-ea98-41b7-bff0-09708ebba269,qgcp,55.622107847042734,40.53270524743095
f1209bfd-2ce4-41f7-b067-879f3a5691c8,880,9.644337258748337,36.47061709642442
d0919c7e-4115-42ca-8669-7b92c860e5db,921,94.45023430238504,50.03852584801914
bfaf4f23-f698-43b5-ad15-1d6cee986f44,734,50.13075745715943,26.863581573049256
06bcbf21-cb5e-4bc1-8980-cf4c41ee522a,420,64.36660489919078,59.33939114524425
3b629b3d-def5-473e-a0cb-8a733d8082dd,393,45.38224759818132,45.16746343837008
dc8084b6-7bb7-43b5-b598-81faf8222b21,212,23.116296841164807,51.17097678028988
93a511b4-21ce-4225-b60e-70fe011f8671,152,74.63791581321577,11.90931167598144
b92b7df3-b3e8-4526-9354-1438d14fe0ca,284,46.30043534635547,28.72960337106064
5b1b423b-6009-4e89-a792-e8c45eacc31d,633,78.9259987039924,28.25110242319644
b2c1187b-d2a9-440d-b48b-715b88672998,352,35.61440567060335,9.328744150101189
fb09643a-bcec-4bcb-a5b1-943817f3f9c4,822,28.214664570932857,6.93740669757651
70df9830-15d1-471c-9f2c-51a2d699430e,483,42.83146977524304,1.1723750494295526
1ca35aa0-882e-4c26-805c-008537800ead,ryly,70.25155418363933,21.867924553928308
58242156-6344-4a2d-a171-be3fcc2ce19f,883,0.5587525308130781,29.97036814722017
e4fceea4-9c62-4061-adf9-45846ba1b0bb,255,12.181415190427714,0.8198510260097103
dcdf2e21-6126-4827-826f-6cc04066b4a2,794,10.82452089085566,59.34286098047662
f8e44895-35d5-4b4b-b2a2-e42bbe6f8305,248,49.70710986733413,84.04283886297902
a762ee8c-be1a-4e19-b860-cb70fd8ee2cb,856,8.558259208780806,54.62611788195552
060b74d0-3972-4a68-aac0-b9cd3b6ace59,szuw,60.8213213690002,53.85780057023645
a704eec4-cf77-4d35-8449-06ed955bd624,398,85.62873157523899,39.9559604987944
e300df87-a1b4-400b-9080-a3c62136322c,ljse,58.22338568699743,99.19049667835723
e7057330-4022-4408-87b2-64c64f4b6b42,965,21.31337081621112,86.51028548456527
0e9e9713-5b12-4dc5-a54b-0c2f42dbde1a,275,22.721111264001305,56.517645753094506
d10faa6f-0117-4b98-9517-29c3a913d64b,175,88.09998504521982,43.95071694948136
9422e47f-8c38-4b55-9c49-95b2c00a6405,ztzn,69.11222256247159,43.69964779839509
ef7e0b63-feac-4461-9623-5bdf2815a636,29,89.18422296495736,56.04903744623234
61d44139-8a68-4ff5-a0f8-46e5c542a96d,279,55.19939376596788,59.612776506242206
9aebfa3a-3174-443a-bdea-605ff769e141,hjlm,18.07515686054177,61.3023060158102
fac68e86-2ae2-427b-b3db-cb415c14f50c,zwgo,27.591745309763876,8.528988028997608
303a6c7d-e688-4ad1-8869-d2db0fc99151,952,30.90846994239569,88.62098277435908
8aa3f5eb-ee73-4b08-bddb-d0eb6235e0e4,884,64.70003421074784,33.69227190455065
99108dae-d5c4-45e7-b41f-0989173d402c,Qd,1.1609831243290292,48.61090847968407
0ca07dee-0f8e-47a7-bac4-d8fe822fb2ba,586,58.02874154970655,84.14704106357543
ac22f6ba-0e46-4720-b3c9-4f21d27616a0,152,34.56652731236326,88.95361143957318
098d46b1-e247-4851-8e80-34f2888de224,cega,59.55864019341631,96.47824165709508
19916ebd-e237-40d9-92e0-4218e4bd843d,812,44.15661731142458,12.867782280060505
cdfdd9f9-1e21-45d6-927d-09f9991caf85,Itwv,2.850053928840401,54.70970285527069
7b660ce4-ce18-410e-b387-9e2e15e14c5a,25,87.80398337961628,67.83983431872309
812a2619-b2c5-4b64-a32f-1fd0383f3b94,470,46.1481644324564,32.70700595504808
4c11fbb3-0a13-41d9-b097-d221fee4c47e,844,59.966065445836136,72.50856210414959
c2c14cda-2946-42b6-8cd5-d32067668bab,972,5.159050497594175,42.6767138457797
4102ee06-a0ed-4538-a680-0dd04a8c4203,602,33.39984359945564,76.73349184940109
fe9d0a0c-1020-447e-b076-624991904f0a,677,64.80607484743169,19.366034406571487
69368734-0aff-4765-9dab-1393cfb5eefa,384,23.23406649033617,50.05504967682658
66b5537c-096c-4e20-bdd8-02d79d678bcc,153,88.62211259333958,36.80887051770648
40691c27-c608-42a8-8a3a-ea2e119df46b,514,92.12533228993732,76.76342375603554
e8ac8972-ff51-4ff1-b84a-cf7c419d73fd,627,77.28870583704509,22.012740665317978
de08f167-bd48-4698-8d40-048c7e41658a,88,5.851042582284139,19.80051199644747
1f11814b-8c68-4587-bad6-67660a6b2499,356,77.6275031298831,75.21611646483792
9321f64b-009d-42f6-bb32-5cb58ae0b6b2,904,30.84680570731434,72.7049156584143
4a012c89-1110-40e7-80ff-7f23ef5bc861,267,46.21956563626185,49.74706886095661
eba3fb9e-4ce6-4b7c-9f6b-fff91ffc03be,520,84.73864831082446,79.90953104181912
115b20da-02a0-419c-a2b0-710372314af4,685,85.56446373561887,17.24326960596748
7e505795-ca7d-44e9-bb9a-eaa253d4b695,448,38.27809521994213,77.73210206384786
22210d59-85b4-4bd5-bc3a-01c0905a88d0,872,90.75919359359996,46.72296515699382
bb50faba-99dc-427a-ba6a-b83fb4904563,94,7.6759569666421505,5.619552168938702
0135e6d6-efc7-4de2-b2f2-4e140407a2f2,32,92.07548340422514,93.85596720768756
14dd0eec-7d6f-404d-b0f0-32ab01fffec6,311,88.76925401947197,25.13526451322057
6a754f51-f1d5-4004-a3b0-be6d6f73a15f,mq,72.20601349615391,47.95949534559448
822d9bd3-71ab-4986-b914-d56b90bfd115,zalg,90.25992783381017,50.38442210614914
8862d8d9-3ac6-4c4a-b2e1-88601799d8a2,uDwa,51.30817316036141,97.8028368016609
53fe7776-366a-4ad0-bf8b-5b082674c8c8,690,37.06735483333181,77.62284099442273
83bce6a1-cceb-4d55-87c1-54803baff8ae,Kaqh,90.16662484152698,81.04431071479958
fd1c09fb-9ad0-4305-a931-4ca428c845d2,942,71.48383112762725,95.8235180751485
4548d8fc-97f6-41b7-939a-f4e5980d750e,129,24.7918341576006,34.07457425078794
6acc3c69-4ebf-4272-bebf-12b77aa7a2d0,655,13.793890644261763,9.49612684230262
fd9f8f7d-92f5-4439-8c85-793c7f05ec00,856,53.7003050135487,71.15577371129574
27fe4e86-6fd1-4e87-8e6f-5a5c38a40d62,156,24.942119329487,51.31465913760236
816e6724-cdef-4997-92da-01ae9f23c1ce,293,50.193762517655,77.3649363634313
e2f69dee-0a1a-46ce-bcc3-aa41df1310cb,byjx,81.6771264701431,47.252725897672576
5f07a7a2-841e-411c-b0a7-cd5d4406a75d,793,35.89545630419855,37.82334855804624
b8170f25-11b2-4645-8ddd-8e7517cb6c40,274,61.48632183312135,58.138839969416935
ddabfbed-1087-47a3-986c-7e7802a1d025,226,48.31034379618053,30.5670492084276
845e6f63-2cd4-4b6f-a2c9-ed5d909e6b06,997,13.857543922858165,35.72835680455064
1b039f12-fd96-4ca1-91dd-be542a511996,wdaX,74.60786993839095,76.41576301283716
b3fb5ada-1482-49f6-b65a-c1eccb58ec0a,lgig,44.48035698200997,22.522915098490603
6357b25b-3873-4d65-aa45-3d81dbb09c83,553,51.19270628523704,48.82692603988603
b67cafe3-d3ab-43ac-a91a-725f4033c6ab,272,16.469447564861916,38.85015128933771
b5d22dc9-dcc2-41d6-8fc8-3f6d57f2cd0f,mcfb,72.25309532852813,99.47902814995037
cd9e798b-d3c3-422a-be9b-62bc3bfd4386,322,79.8005202896001,72.21686944312872
4368e2db-4c2c-4a3f-881b-0b256df910a4,902,89.07323126126214,96.09609079991756
a948600e-3413-4d26-98b6-460fb440fb7a,vfqo,50.85185657638047,13.427528203078795
b3c46d9c-40c6-402d-a985-0d1392a6d1f4,vahi,91.09121583944652,3.0869607594252724
fde730dd-2aff-47ae-a7ef-d43d04a2fc9e,804,88.10837663707686,42.52194086431859
f107becb-2caa-44c0-8c20-8ae9e9187479,140,30.574166138068527,72.13929944289177
3e2d13ac-e938-486e-9f4b-7c7bf10d9d2e,500,47.0780107475958,18.76448763523624
598a5a3c-be27-42e4-a05b-054715e3589f,167,58.192277204229015,43.78271543135656
36a2b976-934c-4cb1-aca1-f59c716cdc93,581,93.4051418188407,50.86691855793951
865103ad-f68f-4e50-ae3e-840f01cd1ada,912,7.840900212036383,53.63971159886528
4b8d96f8-b5c1-45ad-97e2-3726b5a086a9,71,28.40481253257925,56.56379437316801
6c29f212-b95b-4d3c-a98d-ae5eb021595f,413,26.617737788049634,33.77564068893325
6bdc584e-87be-43ae-97e8-a2f2f1e3ffa7,105,86.72298799836233,14.90375557910346
77edd545-f7a9-44d6-8725-af1cd84851bd,69,81.28320171108251,83.5104306196731
da06934e-0614-4dfc-abc7-3ff1a2bbf794,764,18.81555395373925,79.57559077675242
182d1c8a-5d88-4385-ae06-edbbedbd8edd,259,93.76994294242806,7.740890429644653
b64a811f-e5fd-407b-8d64-6a78efedbe37,itwm,96.5941247099777,98.31165831251674
02773aff-ca33-4b12-8bcf-eeb60ac87416,182,33.92098702571344,41.60463194661904
f7041154-8ca1-4d5c-8bb2-d5daed9f7aa6,382,33.92300682924139,22.786339434302302
f3a45610-91a0-4f4e-81bc-a1d11d449f1b,ngpb,1.665796083391613,72.6893487389133
87d7bf71-640f-4fe2-a165-c3ab20412e7c,635,3.701353278311492,11.565207735972638
b9e1840e-9e1f-4345-a795-9c4cb6b323bc,922,36.17836873994149,85.17717767317039
af790c5e-8d0c-4d24-aefb-b8004bc668cb,598,47.50889818564755,97.688232702664
13adc30a-82a1-439a-a309-41a1127a42ab,696,71.08891459059477,98.07393345963278
46753174-4a41-4f25-9150-5ff706609967,cxut,39.04274493722172,22.04487896708741
48e226c3-ebf4-4454-8111-a531a3861bdb,983,15.56996980103309,39.147589946371774
3eb5068c-f440-46db-8a06-b4649b070786,nkml,48.39243262939782,43.88374769772755
4420843b-6273-4be6-a4c4-a94fd4bfad02,311,59.427169298533045,50.189782140636055
8b4001cf-8462-4773-9498-a6e10aeab20c,457,4.713624675940553,87.88621067019952
c58456de-22d0-4970-b3c5-038c91727af1,427,92.37107092127614,3.5482786801214306
7fbac634-8b2f-4d2e-9e2f-688a5d47d8f4,951,4.571858839813114,71.14152560098769
5135664a-40e8-465c-8b11-8d4a15b0ff64,122,57.154454601456806,79.8154706070108
874f40e7-7371-45ae-8653-97cd56266a3a,127,14.04750017645907,6.088091800762275
e075787f-75b1-43e6-8f50-afa387d7105d,845,90.47835230395329,56.03481296194691
87c2ce53-d5ad-4fc3-b754-e5081e6e94bc,643,32.562000979907054,88.44081316103237
d549ba24-d87c-4f00-8b76-abf8466bbc0b,sHmg,33.562581680423065,51.11508740427377
f87674c5-b8b8-4a95-a3c9-969bb64d4ddd,961,67.09835219495801,67.77798354394271
34970240-c0f9-497e-9110-ba8bc09fa63a,701,98.69191353473492,28.627396129097903
840f49f1-547a-4c1d-b4af-9bf6381624fa,718,52.89471923305764,3.480508127105719
7e973c53-7a48-4dc1-a449-1f690fb26957,184,74.27537699457797,99.33596643390466
de417553-21f4-40c2-916f-6605d650d3e1,309,95.18565141578604,56.90844090323096
d8216960-a001-46d5-8006-c6fa3299db08,855,64.76864894325061,51.33681045120046
fe4c604d-d5ab-4ebb-972e-6a3c06f3247f,928,50.46034427423055,19.96542143944876
b8736168-7345-49c1-83f5-fa5e179839ed,370,50.18248603449218,0.9040540478742476
73eaa62a-98fc-4a68-8f3f-bc80c26c735a,701,48.97815334861172,28.16319350405844
dbfb10ee-55aa-435c-8405-d7bf9fd9c178,918,74.29389567061932,63.88543890514027
c49a5daa-d372-4cde-9e5d-34cb85d2de2b,759,40.187355915239856,88.9109366649101
bf743349-4388-4862-92a7-9bc024184e77,66,89.88071371535062,59.13764052265877
33bafddf-a710-4de1-853f-34031fd7d5e6,893,87.2787261632526,54.93024302602048
73f73e8f-c5da-4716-beb7-590e7f75c8f8,327,18.44976102933873,97.83571591473569
dc845af6-f977-4e3d-9b4e-d12774900e8c,561,6.896820149275151,49.72879315311226
116073f9-05dd-4e1f-a71a-ac5603714c5f,773,2.342856418969985,60.10494633464633
c2042fad-3bac-4fed-a8d7-423ed957f4f5,993,69.026278175164,94.64753070380898
ae926852-d364-492c-95e1-39727d84e3cf,kcml,35.57418500426923,68.55810811370453
de1b3baf-66b2-4337-9d9b-f5c92f477c75,819,91.10271206212,69.77603563009393
5ec4dbf2-c4f9-4ed8-8541-4a10831adb51,177,55.13226866053913,54.754290501430525
04768623-9a73-4772-8a54-31f2bc224b72,397,36.0430188026471,17.655939141613764
5c49f896-b1cb-48f3-8053-a25fb0b62223,332,48.11457546631341,23.02261871697665
04ebf9f9-ff5a-41b3-8ea4-c7c1626fc17f,567,0.9198784470390132,86.06416128440868
b856bfd1-a9fd-474c-873c-a0b264b87e61,635,47.7914114921026,8.308937471075106
141f92e7-e84b-4711-8515-c29bc71ef6c1,hzos,51.70690190369566,76.53318592825232
694affcb-2484-4857-8653-2212a7b9ee2d,gxLj,76.92463709295225,80.69582342564358
b5840b6b-e61e-4448-9e38-a3e7e62c230a,895,23.86263310591136,17.861128115621394
52fd1472-5de2-41c8-bbc4-ab0401079ebe,418,47.90052417426385,18.703250905176848
3053b833-d44f-482c-924b-bed3ddea2409,20,35.94236719339252,22.710821142473712
38c9805e-8d1c-4c7a-afc4-f38c4d90e64a,192,81.57424784437353,91.02447015121224
78a47e83-4b99-486c-9f81-b6c980eb7a03,dgvn,85.3780280392778,79.66614114169238
82139dd8-f91f-49b9-a7df-8dc92389a31c,238,91.79527898940532,82.63781551504162
a38bf1c0-20e3-43c6-8430-490e5e0ea9ef,cujo,18.86392532203075,92.4765758166728
398e7caa-59e5-4970-81bc-8f5201fb15d4,73,68.0375375685194,33.69548515714034
634b7150-3671-4738-a604-29bc92fb407d,753,99.31029058616862,14.575900263865238
c1fe493e-2b38-4699-96b7-b9bf34a98000,496,69.69213494151975,27.0208069088268
ffb7d06a-98ef-4c4c-ac58-e5e3b7b09d4c,779,86.215136666322,68.44300636338563
74bf5467-4db8-4ba2-a212-02e66d10717a,461,96.97408370980034,22.290514593464493
55b7e8cf-36ad-440b-8244-b373263db0cf,rdit,21.21746152963615,33.078438882332485
ea671d55-b602-4f0a-b2a2-f7c719890a2f,501,71.45073137224264,99.2995067959281
16cc3f02-cd93-4c7d-a2ae-07503d6028a8,684,44.127747766846895,2.65168159737208
deceb0ab-dfdf-4326-a2f3-0c6c3cf240a7,668,79.14079620467915,16.937195286815253
9ce37034-ba8a-4862-a957-7c49b62c9162,150,91.00849501543856,40.074874515946846
aa7114e6-3aa1-4b2c-8646-4bcf3eb8c16b,437,15.772388771852183,99.06129831993772
5a6d996c-3983-46f2-9697-998efb09f468,637,86.10606186447315,0.7292846326259594
991b191d-db3f-4694-aaa2-7d7cabc4a610,zzjt,42.190574038430896,46.824990958122456
c958474d-61a9-4bf4-8378-86b1194a2008,927,8.388653726369967,0.1260308352759143
a8b65729-d9e3-45e6-a88f-4c5deefc944c,314,42.228728671523264,15.21871220215344
b7097486-6db2-432c-9eeb-d5ce6d6b8fe3,thit,63.00488433147598,24.61265176877612
d71a4b9c-1134-490e-a5d4-ef89aaef0b92,29,14.73081718125664,55.49441538290324
aff38d9f-4e5a-4865-93c6-5e717e54a759,947,46.854830431974456,85.82501541747403
917945a4-6920-4d99-9067-545e2e5ffdac,607,80.85390009876984,73.03802405557485
c3b16823-936a-4750-a37a-6bde213291bd,933,31.73456115012675,82.37100023856823
f02827f4-e31b-4c8a-b1cb-e10bfed367d5,808,15.585822074715804,60.47751760901494
403be000-4abe-440e-b48d-bb39b954fec0,koNh,29.87721326998759,86.24087915892292
d14ddb38-1dd9-4425-9e5a-4975557d4121,981,85.3281810231339,95.2804777423895
37e29170-3d1f-462a-b437-654644068374,357,44.66762052948614,93.32084339951638
a69c49bc-1cc8-4a0b-b200-591a62b6884f,776,20.017032198668737,58.80974543129438
62bd7652-c8e7-4e16-a603-b9863b354202,914,40.02362386760026,68.06919955391871
8898d8ae-7021-4876-bad4-7a6ee63e48c2,234,17.1083037804039,91.04847697753132
37bcb923-8e58-4a75-ab8c-02d3b416a71b,uaid,10.084068100225362,94.18088903241042
a0f75af0-08ba-4e0b-908b-9635cdcaf1fe,142,3.689479644111704,43.72165952050305
72bc398a-9c32-4512-90f5-9455e5aa9ed0,940,40.70596042656932,86.36526349666202
318ebb51-2c15-47f9-a602-543cfb2f786a,760,20.879505195942617,63.425771662040894
f97be7a5-2a5a-4825-a83e-23e1f7a30b01,nppz,33.5748588981802,88.68059950813462
cf4c319f-dd6f-4ae5-871b-d4c598c750d5,82,56.02617426359383,43.76723140307492
6377d290-051f-4497-9fe3-554ee3456f34,291,3.3886448044960216,49.00058289845454
e2de8569-90ea-4ea5-aa2f-ebafc2031c9b,584,84.14969234425271,34.046118256467025
d6a7289e-f5e5-493c-8675-9e9a13ec1360,3,28.042190149545966,34.51507520430452
da036fdd-0415-4ac2-a993-8ad35f058b5a,612,64.43449398324385,23.44377131173143
b298fbfd-c9bd-4f87-9b91-5f6c49779169,52,69.78711281278409,34.99253108243423
ff76f591-c4e0-4a0d-97a6-f9dd5f3841fc,915,36.05313413090248,67.09816391313588
97677176-d2ef-4732-903e-b68b21b754ae,deqg,46.190639665419376,48.50178436084166
6f98896d-d941-4d6a-b698-8ad60f174429,139,21.74203006441068,12.962787832996014
5a756383-7ae7-4d81-bd8f-f41d6bfe3701,804,18.329307630568916,30.474515404859915
371a787f-012a-4890-b44a-2a56994bb2c0,512,93.76164142001656,79.77742001977161
d425fce5-bb23-42db-b0f5-b7c2cb980498,gvyu,39.71472444064988,97.99299671227269
07717e4b-37bc-4690-8b3f-624e29af91e3,857,61.44488501607293,51.44482704051495
aff5b413-676d-48a3-9299-74cfa7b582be,116,36.66163276467653,36.10815500135289
e7876242-c725-4848-8cb0-a3b39379a3a1,1,47.73008548195627,77.35208730540175
3480a79f-4bc0-4f06-881a-0bb868d4b491,446,34.404846994733326,47.65158840546576
dcbb77e7-277e-4df2-8a4b-2fe6efba462f,486,88.25464074290501,40.322892344769215
b0182f9c-e602-457f-9a4e-a458446d1df1,494,76.91215378974425,45.80778847631398
f1ab437c-b766-4b8b-ac72-1f24bd833296,avhm,52.158629003563206,94.9650156049027
4d116cb6-c7df-4d6c-949a-bbce3af2bb62,461,95.9884441038622,40.7177836763348
f43f20ae-89b7-4f69-ab83-00e72dfeb976,764,13.821920083671536,29.379574264870868
f78b7ffd-b10f-483b-bc56-23b24c3cfe18,406,60.628832261764046,47.68380120062745
ce16a703-4378-4b9e-9c90-1d1823b7b9b7,311,28.71712720761421,81.02660424806349
b5936ffb-700e-4481-9c33-e63d6b16f0d0,293,41.16886742466394,44.853787480569984
94c922e9-f228-4920-8019-40881bc7be1a,xkxg,8.329744731652934,88.19849100605846
422924c4-2b19-437f-9cec-9c21db34ca1d,965,34.38747107062006,42.64139383800293
b76175c2-1f47-4491-8f31-dbaa07e3cb10,978,25.09852771853473,49.76838996074435
9cffa3b4-473a-4784-9e84-bedd49549a00,257,33.99824344106766,23.821249855033
76693d92-4dcd-4907-9cbb-9020d51d6e1f,svax,71.49729981363058,75.54770548344007
0f9d40ca-304c-40bc-a567-e181549bb2ec,413,67.265275641851,50.99309812725586
f3a0d455-1a50-47fb-b1f0-f1d3955c2343,462,48.93440228534354,25.28162937728872
59d5d0f1-43a3-4219-a422-0c1433d3fdb8,289,33.50135102005015,8.771554746132315
33bc92db-eb16-484c-858a-c0e74d5f9bf9,184,96.69609839335033,5.540625724348613
f0ba4112-931a-4012-abb0-264cc60dda27,743,81.13544793247904,78.16756053692967
6fe22396-c98f-494f-8565-3a9cab0f653a,758,5.149497631768918,23.75622040015417
0534b1d1-f7cc-46a8-8072-97471514997e,62,46.57629946329116,93.77826552880914
898adbac-efac-4a00-998d-bab3f3ce2221,481,35.95196644058721,69.24896248479126
640ed48c-48e0-49f6-859d-ea7782f4c4fc,700,81.12090445535168,59.78363122656462
aa26b1f5-98b3-404a-9b21-cd3f0f7ce83c,605,14.024827963754982,66.87802002469809
3ea9b1c2-32d2-4207-aa3a-f7c91b481a6a,846,48.01570047792563,21.42032345703202
51b09a61-9d1e-42f8-8b15-ec28e12d94a0,111,69.32676707846186,31.30064383219148
010af84f-1924-4362-9087-7f3b055e9ec4,843,63.78386876035391,39.1876118599196
08f88f60-9476-4120-a9e5-362801085f88,755,65.87405221049336,8.561015829477302
a17b0a63-7167-4a4d-a06d-0213d0116214,950,69.50416598528034,63.72478469596719
3bc6a1a0-9a8f-4265-8328-8f2023110235,555,28.043223339147417,0.0994116778792242
68a4efcc-be55-4a39-98bf-dc45877e4164,992,51.28775520336559,90.30399613693844
3acdfcb4-cef7-48f9-8c10-b886479e8fcf,61,27.26100337999302,60.87507200330906
963e4cc7-f7a7-4bf5-bfa7-44b4f4105556,503,54.53832948684039,43.20280510345794
3d14ca14-1d21-4916-a51b-965a85ec413c,272,26.92961615643037,5.761314356424185
621e4604-73d5-4cba-99dd-0b5a4ceecba0,425,73.13532086725296,38.44668819261998
efc67032-e310-44d3-8443-9f7d6dcfd65f,194,64.38337106478569,9.116990920215962
435cda80-c1eb-43ac-9b4d-7c4dc5e5dd22,188,7.56958069986754,54.57689064280608
92a7da09-8ee7-441c-ac51-61e12375cc7d,396,3.0051067758072203,65.30540058758221
8c7355b1-abf1-4848-902f-bf9cc9e05c0d,798,45.79873606654519,89.10269782973975
cb0a075e-a146-4053-a98e-9943c709c3b0,341,18.541123834372463,32.98134959296404
9f6f1cf6-f1c6-4bc4-bc83-2e94aa442aec,393,65.5807506703096,45.842434109604326
6dfdc989-392f-4dd5-82fa-10c79ed19449,732,50.72858038825052,12.949172064564774
e42fe6f5-e454-4a31-8075-8e99646e3e87,545,0.9203886640064772,91.81174368923494
687a4aef-1150-47a6-b79e-377aec72d186,809,53.07194958238936,90.46203119790788
633af01c-fdcf-4d95-a4d9-3967cfbde64d,497,49.36466924607124,58.33400656779081
287485d7-a4dd-4285-bd52-63f210ebf468,898,76.35526042943363,48.16487832074283
d52ba4a4-621d-4fb7-9780-19f1ecc2ac43,flnz,49.11911655991754,0.503401450040597
145133f8-e081-4082-a22c-f7836822b30c,399,76.2171950120373,21.61930467112293
97a0b311-002d-4eae-b3af-d575087f5a0c,319,74.32198672723152,83.59631941597758
b8ed7c3b-4f99-4e11-9ea6-e4a019f4bcfa,122,25.833183506721248,85.75092144664455
7aa96585-b528-4c71-8ec8-524b0b70011b,yqxm,5.181184704952635,96.3440223545802
66c81c71-b5a5-4f34-b9c8-996a4389de0c,222,12.559535154031852,60.97665703191093
b56c9df6-e971-4924-8051-3d27b723c27a,346,51.538612704566575,0.851531680329376
b6d31835-28d5-469f-93df-e7d35f0f4d40,392,96.56287863581356,66.27737165960829
ca5b3fa7-b3ef-4ee5-a0df-303ffeb54836,268,57.21047377095112,98.52256265429136
1f1b090d-5cd9-416c-88fc-61bfda4ff1d3,881,56.36271344042816,46.42706030033881
f89c1a54-bb7d-4ff1-82ab-bb00dbd32d93,neps,27.57689508476464,69.83207179370436
618cc207-53dc-426b-9590-6e0b7e82b6ab,Vccs,40.03661989702079,10.48929520824905
f8d79b62-dc00-4d11-92ce-95f67450a30b,Gaeg,25.371607256605788,80.0245525803715
9bbbc45a-cc27-42df-b470-97d50dd3a574,432,67.64129250650855,77.13478716021808
3113c1f9-705a-406b-a22f-e10a129f6ff0,636,46.212016331668096,95.50037492398668
6432259d-e72e-4f48-84d3-968afcc8278d,974,55.33697902279416,58.28713528411702
c387fce7-d2bf-47b3-96cb-4c8aeb2dc564,xzra,40.35656466171547,81.42282514974043
3b4b1114-3c65-4763-bd73-32d0840c8b89,292,21.13991994708575,9.968088870967096
fab4eb3f-bddf-4414-ab53-173b591e108f,gwlt,63.0475910513926,5.23137029405526
efc98fe9-43e3-4fcf-8128-36a20e46d9a6,361,60.65031401403744,78.91188970057492
da6bae64-a07c-44c5-b734-7e84062f57f0,osmy,6.548280117261629,10.37721569946437
f06cf9ae-bca8-4c22-9f77-380c3a265d33,757,54.63758233064584,19.499684668276164
9d9fac17-6d59-4f98-9421-9358af94950c,773,13.709891121294326,8.022067064559801
19cddb5b-9ff2-47b5-9b80-2615840fe810,xsou,76.70144517155867,84.27089072278645
dc3dcae4-64e6-4fab-9956-4991a52fe10d,974,80.54731845977751,43.09537583530213
75158196-d853-4c06-825a-ed9eace4fa4c,vgUo,74.29608158626021,61.444991411185335
9d41ea23-e640-423a-98b8-529137cd2dd5,132,72.32867288936683,99.22499709677663
462b2f41-934a-4e07-a6ef-228b0ebfcfef,968,25.388639079776887,9.419015517446748
3c25e0c0-bd62-411d-b72c-a28bb1e5e4f4,177,73.07103467432947,26.673656296970904
2d28c024-4ffc-4b42-ab1c-a289a6434abb,700,92.7809558511183,67.25693153790735
38c05db3-1226-47f7-a8ff-f3d47a569d6f,958,99.8215901542689,23.23641537327488
886b8260-8781-4418-80fd-6cf517c76962,805,95.6999236893529,69.15067300147227
e272aa75-3f8c-4465-9a23-bc1d88a2ecfd,789,47.62842277378046,35.70358851315937
8ac31ec2-640d-40cc-ab99-670f2059c298,252,68.21639198995108,70.72813150230401
bce03347-6842-4778-8b70-be191402ed54,441,69.19833356105393,64.98073041457899
059bc0b7-c7d3-40e5-b170-11a34f02cdd3,imAt,96.44167381009385,68.47628378419569
96c26680-e109-4e3d-9202-c0275a74de45,802,27.552038698964036,98.1168459073379
07a1a6a7-a64f-4209-8b26-80c0fe92d3dd,365,75.47831398959896,54.25078025192905
b7f28eee-6091-404b-8250-efc98025247d,167,90.83820375138738,17.058471340036608
454db30a-27d1-445e-80dd-e2f9dfc850db,95,38.56669331718842,77.63692292480133
78967971-8bbe-4de0-a89e-a1f6edcceeb2,wwfz,74.1683903431646,19.41794092947041
809f6c93-273d-4e18-83d4-68de2a104ce8,173,3.3925401943938227,50.08706882599031
b01176c7-215c-407c-afa7-ae67f4ec14b8,283,95.988458683275,15.73180412419366
f968f38f-5dbb-4345-9976-0a89a0a84f2d,94,84.03637013838828,36.89639198518733
e3d33daf-9a13-4930-a8b5-460bb896e2eb,275,20.332095281385133,70.0097657398928
84a903df-c8b3-48c2-86de-5f9718eb45f0,933,56.92016752617671,84.59284551257625
273c79f3-e230-4f03-b274-034120d546c8,410,60.32695003162022,90.4324159597944
5a3eced4-1f26-4a26-90fa-2a28444683b1,734,74.51069750634626,10.805724826792018
47999ae5-6649-4a73-96c6-83a58044d88b,649,17.67465482520708,20.607865128646942
15b1a0fe-803e-418b-82d1-d1bca4647164,371,37.52596882993593,65.61611548257387
b4ada26e-e862-47ae-9b84-a06d03eec878,428,36.91087402700067,91.23528468816812
cee8836b-6758-4905-99eb-ed066d33d240,urtl,82.55917695149607,33.78607418765603
ff669d22-060b-471d-bd39-a99ce1393220,764,63.98019732555531,33.195285093289165
310bc815-76d8-4fe9-a397-892a6b008e25,86,66.08793229075116,75.19746319469564
116890a0-b7a3-40b2-a6c5-e4b0fa168acb,723,30.7546283742261,65.45997501844613
c5f4376e-3e06-4d19-8c66-ddacb7804beb,27,32.776310603351455,10.52943749215568
94d67ebf-481c-49ac-a213-c0bc605451ec,1,90.75126040003563,63.63233908145036
764b351e-e2fd-4c80-b308-311ab8605266,425,60.366095728005966,6.341811941532772
2bebd713-5e60-4dc4-9deb-860a7e57e426,12,51.18605728711672,42.56778221165447
73743d9d-084b-4027-a6ef-4f13870ba290,196,12.078112168218537,3.4900895870186965
16aec85e-8167-4b3f-977a-889c8a6dcf34,817,68.69873777926367,29.744427179609836
451e5b50-669b-4f40-af74-57b94c6dc635,kyao,0.6852977274011463,62.49751889211485
31400f70-580b-4f64-ac0a-8b744a370ade,trQq,28.14904669555417,24.166632507712738
99d32d5a-7a4a-4a24-97a3-8beb3e2c78aa,296,31.93116777334677,12.34210949467952
404ea94e-c85e-4068-be50-e8c62095d5d8,659,21.232329541622875,9.3027707803925
bbc8214b-0957-465a-9286-645447d0d325,330,25.52861505268677,77.50168968514359
514f4df4-4e18-471f-83f0-6b180f7e67e5,53,98.33453686523086,83.66760156661068
20b9cf44-d545-433e-bc02-53fcddf60834,512,60.40254242378453,48.696106479618976
9ab30b63-74ca-47a3-a553-83adf881c19d,585,2.997458082725679,17.323675469601486
e279f72b-4976-4f2d-ad32-e24e80dd13ce,810,88.14833251140207,25.61349699644375
dde6a9c1-3e53-40c5-9ab9-022e14273680,287,84.1739275500918,95.20838278177904
61bb2427-a025-4f0f-98f9-ea783e69760a,Ihlj,52.96989364641417,67.54083030180892
2c6d973d-4082-4b65-8da7-3e9339ca4e3d,ijnv,81.401579697091,49.8607591450799
98e24059-30a9-4fd2-847e-b7efdf2d9c16,368,13.48004644438836,43.40103362199691
5e588d68-d14f-49c2-a5b3-a88445fb453d,882,29.28400883765537,21.49073733003658
dac146c3-fb5a-4196-889f-367052c17b32,379,13.659512171635146,25.796224226601822
82c40747-3b57-45f2-95c9-95432a979014,84,97.36306111087777,55.67741116830034
75ded678-6abb-44b3-b5da-8226ed4600ca,754,45.944833778253056,55.79526984085271
01b6dd7e-7074-403f-8e84-9486c2bc3cbd,709,63.33998529538392,41.188629058979
67745316-5942-4932-ae11-5519d71eb948,261,21.99511363143586,86.33691291979822
39adae2b-fb46-4e96-b14b-b2292971172e,410,64.80820651474373,77.72842803854856
1f297229-cc93-4b83-89d4-2e97b18d8339,787,6.87063029728141,15.636056707938906
f9fa2f7a-b490-4062-b112-aff04c970ec4,542,62.85079989827316,64.51193521223011
98ffdbd3-889f-450d-8e38-dd2e0c7109ae,842,63.52954791937068,70.38086048893973
33af6550-4278-4764-a6a7-08609a93e7aa,809,35.684462441793265,71.3180285645749
04e9a1ef-2ea1-43a6-86f5-54bf2a9b128f,733,45.745024920603214,73.70834467767293
e5f00f07-749a-47c7-bc8a-0ff7b52fe6c5,2,15.232054726092391,99.42931310619171
42aca8c5-fcb7-4b34-9176-0370ecb825db,627,17.79824905694306,47.37880425184864
34cce56c-c910-48cc-9d08-779b031c9ae9,2,96.18977351487828,91.25277001276493
38a621ca-b7b0-453f-a62f-4526a237ac15,aNyo,19.366028741799912,99.96657225789669
216d42f8-64af-43e7-a8bd-9c4693c07aa4,,43.7952954418155,40.06250074958309
95ff8849-e779-4304-80c0-0e03c54a1fb6,110,51.64572497676547,91.51662508363016
42c2d8d0-56da-4a13-8e71-474280bcf565,653,85.35564729237353,48.83176996652009
72b9b310-3f39-44a0-8905-119d16fc1eaa,rndf,27.86849202318491,82.59532726924775
09525b6c-040d-49e2-ba17-bd03ffb5723f,779,96.72922690730222,97.98895921287168
8e25e156-5450-470b-984e-ff3f3edf17bc,368,72.06342909124575,65.42145275324373
88c91ce8-f178-49a2-b602-7ce3947dc7b8,110,43.78265103012674,35.07288136104528
bfea38b5-6004-42dd-b402-66445c8ebb64,763,7.586289161597904,41.87886517228863
29c59ecf-85e1-4464-bee7-592765b4231c,896,67.66840710170224,31.39792144771668
a9dae237-7529-40ef-8e2c-527086baa393,zxmb,59.3755116059273,16.78588035875521
a5044de1-6a1a-46f1-be17-9c61bf205064,860,87.08571754940206,65.84259892492265
73c3594d-2a08-4a2d-93b1-05a92da4bf0f,72,82.62365833434248,9.004222633723824
aa301ff4-b5d6-4b10-8b28-56a90ee75d65,444,28.623744844614865,99.42802372136316
ef872407-ddb4-4ddb-bd50-5de96931b054,107,20.954869682553323,80.80799946028935
796fa195-9f1e-4ed9-bf55-777189ccf339,154,52.73904065577093,60.670510058893726
0b905c19-b715-469b-b563-a162a0b74c01,882,18.05626710005471,1.8565298088166204
8f3d9c94-83da-4b0d-833c-835e32442cef,77,69.66283413564283,45.96061329195478
c43ff3de-d296-4318-9b82-e929217e2a5a,dkqp,0.7296153648272963,25.24957251735596
d560eea0-631d-4b8f-88a2-71a8ff5759a9,871,8.278018234103968,26.462543551594774
c10b7b4a-ddcb-4403-b72e-6f7322379db4,860,91.10009960068884,57.7301183546636
ac887f95-a117-4a05-b989-64a0f45bfaed,vapz,69.99223043462176,82.20150952386109
ccd29b6c-e2db-4975-b5cc-a0a1675d329c,341,73.35325392460095,53.16473273194555
d53a82e2-f578-4065-ad72-75d63b5ac1d4,834,41.94120881177595,73.06095469464749
5e0e3262-378f-4c19-b576-4e173ab592dc,587,52.992994963447,27.97166705642945
03367977-2a88-490a-a984-1062ccfce538,985,25.653243309950746,69.26167597207683
be6f7ce8-dd00-4294-913f-86b23ca047d6,84,72.22680774742769,2.5627705359938413
9a0e283e-f15a-4e9b-b1ff-8cacdbac1fe4,189,77.10222727944983,91.8329426372476
d72e8dd6-7412-4e56-be3c-13f845ab43ba,777,62.351125840446464,45.7564153887549
87634cb1-5a88-4c82-9ed3-8d796015edd0,461,33.581148100780524,63.06100609700268
7ba5c06b-1d1f-4489-9064-fbd33af1939b,824,30.159929326569323,29.1299089131038
e12996af-aa01-413c-a431-da79fd179ce8,18,85.85343215180265,22.621060976327577
425f5777-bea8-4631-a2f8-65f7be55f9b9,232,37.012385702934,79.24037417819832
76ad9ce4-6220-4511-9607-c7ee788311ec,zfyf,32.214846028820986,37.42903490475927
134f5184-72a4-4c30-8966-d41dfdecd04b,850,79.51261414124262,62.9204408041507
f5237289-4552-43e4-b535-d207352a8892,337,81.257108838631,23.75555362867686
3f0d451b-ac23-4f45-bbea-ffef0d690f18,708,7.512552105051773,25.98712342544558
f2940210-011f-49a4-8985-ad444777b210,108,95.66338916338884,6.165226180959504
39db5eaf-35e3-4bfa-96cf-afed87f2d64f,371,31.70917721020462,55.4474777825892
d8badcfc-24df-4bd9-8e2e-e0cccb7a87ba,206,23.68675026924385,55.94291496479992
240d945e-ecbd-4f25-9338-a7f758024ef0,377,90.697647378249,33.253307765676496
2ecf0404-b5cb-4355-a795-374489af6c79,277,10.212480268237169,7.0688478018115175
307572ac-1be4-4f89-a91e-b19bee2363ec,549,21.11668775158042,59.01606230762842
38078e51-51b9-4a4a-b1d2-66e99cc7ce86,678,12.27996494566248,99.7224584827687
3a89dacd-1dab-4c26-9c5c-f0b1877dfaed,AkxE,70.93598085132176,86.05816576462836
de521fbc-a0b9-4db9-a1b5-2440fe817a64,900,78.3040260274259,91.13858475867268
bf107828-407d-443a-bad7-16f2a45c6722,201,95.45137075563784,99.38375711070304
fad8fb56-b87c-48b8-8957-f78b9432c2e6,85,54.80842440896832,96.06416122796324
3980dae4-ad2f-4d1e-b6c2-305f1f1a6bba,83,22.04376768891425,97.57503214971112
b0b19f22-cd78-40e7-afd9-62a5cb0a2f5e,16,44.094172310902536,75.09850262662358
6241b638-4050-43d0-b1be-121219772daa,398,27.019569080394145,93.44011149237224
63029f64-b0e4-4bf6-8ca2-a7944fcfaec1,176,34.96470457878924,51.674415790019744
2b36fbce-f207-42fe-ae46-9c8dd8801234,421,18.278206567689725,69.78811881067358
204b0294-b9d8-4588-b025-aff642909148,148,42.00349931106657,68.36899361601529
2b44ee15-bb7d-4264-8b4e-bed33838fd7c,869,72.72688795985538,3.836633554782309
2681a041-1b66-4a70-97a5-8bb1ed344172,189,25.26725275700611,49.8932655123594
d08ecc55-d692-45cc-85d9-b1c2fba89580,48,32.263244456130444,53.03896012333412
6134f2f9-7cfe-422d-a2e0-70401e215354,446,36.982368207556526,24.917730968935786
2b037286-e94e-49ab-8573-051528d239a2,120,4.836335357259025,52.442251691837626
12725216-8378-4776-a209-fd9bf21b2ead,958,39.37808798974528,91.6486450010978
62e97fed-3908-40d9-bf46-a66146868983,474,24.041450365208583,9.730886010376803
04d85985-3900-47be-bdec-9e85e076fc23,cGue,43.656864895029166,14.310824823943346
d4f91db5-94a8-414c-b376-d9a1bece85a9,457,15.74709886436012,85.43598550433367
6464aa3d-75e9-4ffb-8f5d-4c9178ee0a98,440,66.83562883987135,2.444436392716109
0b25c1df-0259-45ae-afad-f8491f4ff88a,399,31.531610550999968,32.7732389352188
1777b223-4236-4ad9-9ea6-d132fc83178a,vxiq,5.092651750714716,6.71799715526774
d3cf9bcc-8500-4f82-9c6c-94c95d370bce,300,65.91771251983101,4.439112572910576
09f1e051-9536-48b1-928c-68b00ba7cdad,236,68.99755294982639,86.80498308224846
25fcc6aa-2b87-45fe-9d7f-8bd2b57893c4,10,25.391893063989755,52.459866851906725
39622864-87ad-4a1a-9f5f-6a4a5de29334,611,40.41336271104873,28.82852502399057
2fc8e8e4-1753-4f62-abfd-f64121598113,305,24.1855242961429,94.90070451763786
1d18e042-3018-4ae1-b349-c0405eb908fb,662,23.10050610242802,32.75948216175946
607eee64-ec29-4e8d-b9fb-1485b980baaf,expd,50.55828273435531,86.68306717423569
0a802ade-0890-416e-91e2-00a843a4406a,56,94.31313034929414,63.12919740378565
59cab401-f6b6-4b8b-a07f-a5f896a5b3fb,282,3.892393263065885,22.434330749863484
a5aab792-94b6-4fb0-9625-9a239fe67abc,417,52.39665763511812,33.376042976532126
f886000f-dc98-41c9-bd15-80e47381e88f,947,2.388490173543767,59.14990689355375
f1838c6a-d6b8-4877-9cbc-07e11301c033,233,37.93814103616043,4.531248946839206
01657e4c-9416-4dc8-a623-e1b0ee2fa797,378,54.10831463125988,93.23509871392436
1429145f-3c93-44bf-9e5e-4df7b9e63ee1,516,89.26823553326619,5.851875805363571
56a1a0a4-9704-4c33-bcb1-3f6b5112c7ba,462,88.923600892305,85.96728877400875
175bfcc6-12e3-471a-9c36-baa086589708,873,73.00713778162982,51.21200606504288
8757b613-aed1-4bc1-9305-6c4bd11d716e,461,67.97657688046895,95.1074022357001
cfc5be62-7d44-4b4f-9850-7766d7e7a90b,837,56.6498854207562,41.06612459618641
901e584d-f9b1-49e1-a562-f51d560c10c7,860,70.50791750527723,28.288397356298105
709fa902-5573-48d2-a301-dd2709007b54,842,71.82068788850378,24.32718769585012
af101179-fbf8-44b2-9b85-c80aa66559bd,xqXw,80.83491490159332,55.38290008332788
35d9d743-d30d-477d-931b-65feef5f85ba,872,39.9224648270986,48.91685124011591
06a4cb84-22c8-4627-896d-091874e5baa1,171,7.782161054139913,8.919356023149605
ed871bf5-b751-4d3d-a23b-9b83d2597e70,373,57.72995400823292,92.31602314353096
556395c1-2eb6-4774-bfab-887faf800d07,301,94.97830336101056,39.73931792719942
920ef8b4-6ff6-468a-ab3d-28f2a9fd290d,897,81.6860751601755,70.63157522526282
fbb18012-6f20-4de9-b01a-7c33137503ce,334,33.399629168880864,96.62128808493472
f85f9bd0-4067-4f3d-a985-139565e2a6ba,471,32.75461561808319,60.93706646360921
37c8fdd3-a728-427b-89da-3041d91d7b5c,809,52.2361898055746,75.75259893452382
c197fd47-8930-40a6-ae63-2bfd24d12992,CNff,49.15838090026792,67.20070108014431
8aae4e13-3a21-4ea6-aa80-7b04a496cb82,329,71.87458463282537,96.98720484506518
a1f1d3af-5236-41bf-93fb-61bfc5c5a963,148,65.83075846817223,21.833650319718316
1b6854e8-8af0-4d62-868f-d996862c7077,332,24.723270698781207,2.1534669985323385
0208684f-25e1-4f90-951c-9d400fb35624,465,91.39028394591284,23.189308656513063
9aa1b494-b341-45bb-a687-14a32690e672,59,77.20932751761586,84.15814246972745
246a16c1-f80b-4580-a1d2-fb0d42190735,168,56.525273673822106,65.52740716968343
6960f479-728d-40d3-a9a4-b1ca45634b4f,416,95.80591419034336,41.41233506504777
fad75dde-8353-4dcc-a0d8-18bbd89d3096,rgls,78.0436971612703,22.706692166756703
e20647c1-66f7-48f3-92df-fe5ec4bfdf57,xtuf,53.94614504854967,11.931802598820717
4a1b2105-178e-401f-88fc-8079bbb9ea7f,dhxu,4.996697416481421,30.97621990769381
a8e256ec-909a-435b-aaff-5e703c9cbcd8,438,54.74597918275044,39.4325110439676
2bcc8587-ed6e-43a7-b827-bad4374a8bcf,371,47.312982417712725,59.28943334539838
aa4edb8e-af24-4765-8954-71ffa9819828,460,86.07746682270034,54.2607579503974
8438dc06-eac3-4597-940c-edd5beb2d78b,377,34.96565529033221,80.83892268616218
f367192c-8936-4fd0-932d-720016bbab02,746,18.363520631478305,70.93866830191399
ed3f18c3-b741-4e5f-adf9-7f7532b39475,806,58.35081815026768,64.97560664321189
2866d77b-253e-462c-887b-6c56bf9fbddc,31,28.85871694333919,76.60173782735657
641c3122-4bf1-4d91-b40e-566204167733,219,27.925958031860787,70.83116651038732
5673abe4-414a-4bcb-9974-208b5ff0a584,976,91.45856047955428,68.68939883690332
6d36f702-ffed-4f47-81d0-cd4dd0c18a99,288,53.72289806822303,16.09214976108223
e0067bd0-9417-48d8-a891-196e4ebcf84b,187,69.46471137715143,41.85404276866407
960c40b2-8b66-49ac-82e5-f18d11411c10,567,67.40931440997895,90.83434086575188
c6d74fed-0283-4b74-ab35-3c37276531dd,87,34.48239097147212,7.758754327919015
6ce02731-3353-4126-9b2f-05bad8d4022e,181,19.612649472117173,37.60256450152377
b11e7c98-30e5-477b-b743-f73a0a2c8e28,634,47.01316457789206,9.18515775742147
b4f4fac0-e4ab-4083-902e-3f0f90badd9c,mtaj,94.84213292465355,61.88005787972975
2b27267c-eebc-4200-ba74-771eb53dec5e,130,59.43697205986243,32.58605647900886
1b1b8a76-c069-4b70-91ff-adcdf6c557ed,611,31.914325688177748,57.21504619906597
32eae243-bb6a-41de-a6ac-7f791ac29788,74,40.72504550279349,10.52116096757959
a29c8d21-38f7-47d5-b728-07b6f3d808ca,ubef,66.64672740598647,23.69327159557408
8995056f-6007-4eab-9e56-d931eb3c4777,135,14.93173514960202,41.335603565302094
11a9b9d9-7798-42b0-ab39-4acb44ebb8cd,593,28.935524699686965,4.226482053932057
8645a2a1-6e0e-478f-b898-c2536acc7d4f,43,76.36562603382099,55.94921290347461
df302cf4-c06f-443a-8d70-b220ce0a3ee4,356,99.34577187493755,10.484709346469934
f10cb125-4789-4909-a865-d347406fb99f,350,25.165550110047064,48.92864408051477
cba76b3e-ae9a-4e38-8cb7-53834db43c79,196,13.042977028887703,55.350176535664566
dfde75cc-c543-4659-a9c5-96e76a7ab298,xaue,50.35206593636672,14.537487542265993
59259e62-8969-4020-bcaa-8ea9427acbe7,863,30.47211247044197,53.688497767504685
feef41c2-4fc2-46ed-a594-145ea0287eb7,452,49.60048838053973,72.18796023082895
0e945671-3836-4c06-9537-ee0ecebe760f,300,69.13721641803001,97.50606540320908
debdccd8-d4f1-412d-8694-6d268f6cfd4b,jmsy,52.60593545928563,26.035107174300464
153d8e11-e0a8-4c41-b2ae-c388d16f6e9b,Wozu,49.15361285138152,69.77933287295353
223b6ca9-b115-4cc0-b86f-7278208aafcf,swzn,99.82312822080904,58.92826886528936
0511a40a-c58a-4b51-a98a-264655321cd4,242,11.759303102633211,26.820752192131646
2af55531-ba5d-4e1c-90ed-e6997b6a967e,742,93.58421063171822,54.28653094895313
9b9f46c7-60a0-45a4-ac45-01074f7b1bfe,264,81.95560658650858,74.19554856950111
957fa3c4-61f6-437c-a566-ab62ba8b3c77,390,20.632896146501967,66.29039526007409
456586c1-88e6-4347-88f7-cb7b4c108bff,853,3.8839095333268343,8.533540994013967
c2fac7ec-94ec-4ba0-9ea9-5ac6c02a21cb,137,88.2298879838562,33.37001007579933
7dbfe729-9510-44d5-a729-a1b5234ec509,bWqc,20.236813023061305,55.77684913793387
f7f85084-7ff5-4cfa-a5c3-0fbcfc9bcbc1,cxkl,95.12099199863002,95.27360677620132
cdf329f7-180c-45ac-ad66-37eca303d0db,257,82.68673736136762,40.67131528755111
92605b81-707f-4393-bc39-bb96cadc25ca,518,48.40721007718645,26.28620768839398
82897529-4e82-4c98-b9fa-c5649f48f3f2,692,34.34697422922562,37.98863556911992
5bcc6146-86a6-453b-a91c-0d3af25075f4,153,56.49887924539332,27.19116505224736
aedd095b-3607-4aac-a770-0032fb69bc5b,992,48.51761470073296,14.424849187804
8ae417fa-e064-4be5-88f6-44cd1e37418c,617,52.2706933547975,51.180317573114856
9f59000f-be78-4714-9845-83e214a3d036,911,81.43950882902274,90.87075351010188
054110ab-cc48-4e39-8e25-e40f925d5b66,652,24.181850741985777,69.29677443445462
1701d73f-a279-4eff-aa5f-25d16b0525e5,194,10.458189902694617,24.833244905943708
a1cdb27c-19ad-4442-a9f8-c1b9d51472fd,554,21.930322147052795,63.978671867488266
5317b85a-2dc5-4b98-8a30-b134e43de877,voge,2.8786008155326948,26.91322888286346
608f7919-b036-4921-bf8d-141e5c5e7660,93,98.84847243134185,1.254919724853765
c29db9fd-5b57-49e7-9b76-33ecc2b6736b,782,46.32510613611883,8.880058957317072
7a5ff51c-6544-4fe3-b75c-edf0551b89a8,173,9.685922356354324,56.31357039850127
e10db776-74f0-45bd-b3b8-b10ab6ee2a4a,644,26.555100448308057,22.67489538865891
940d2733-6405-4acd-9e11-b23ee1c15af6,877,15.039158208055692,66.00852485391813
121700ea-a466-4248-b2c7-44b48533d5ec,935,57.99728395541077,24.440027904242317
88094922-63d3-4670-95b9-c90473f4a3ba,521,44.24193823001289,69.25510410626106
f23ac6a6-0113-40ae-b78a-12ce581310cb,215,39.66870914319394,22.43855880702206
a78521aa-ce38-4e98-9e89-b72e1b82676f,211,50.4869271016652,65.9646492735629
28781e87-64b8-4354-a6fc-f11794fd2c9e,607,20.740741153020423,41.11094500157056
8f251c0e-deac-4af8-8bd8-6b163fd7a735,964,95.93377397505816,63.32495948510907
ee11c1fa-ac70-466b-971d-ef5a5214a6a5,637,18.787251356277626,8.06926646422913
a368217e-5c78-4d9a-a5b4-01eb2466e5d7,370,66.43499871599793,44.37388392678141
19385c89-0cba-404c-aef2-2ad0b941da69,12,95.0057900736175,39.86982166895289
08a4203e-09dc-4d1f-b9ea-c35dc69ab077,52,42.78335797786431,45.599046990599454
91d23544-4275-47f6-a11a-94af36ab51b8,355,67.44061184513113,22.400138361327613
d23146ae-0e67-4404-962d-ffb974924f42,614,75.96661866206124,78.45023378642611
2b8000cc-7fcf-4e5c-afa8-85f88b115728,821,30.44778847506589,36.1720738135803
93ab3b83-eba7-4457-9cfa-6dc5e1c20908,636,32.664818718494246,81.82359783108343
38163f32-1644-4900-bc81-ee8e7acaa91d,14,16.522267255026346,98.95636777099692
01371a53-bf6f-40d2-8387-a4cdc06f1661,834,77.49278300113386,67.13849213258328
8363f9c7-01dc-4ccb-bc8c-2ba9ba79689b,771,92.627828886126,51.113843745098286
3abbfbf9-198a-4d6c-8f70-98a36db1d9c8,942,94.55910796578802,91.58048433983691
962f4db2-a1ee-4a04-9398-bcbc3ffd67ba,12,16.361121427435023,98.71960351456632
01a530c5-a09e-4225-b62f-138318d6f13b,758,39.99682248900106,43.73229507699512
2c3c8e7a-9015-4753-a8b0-552daa232070,521,20.535025812791275,10.387344587299276
81076a60-e003-4d4e-b213-b761af154bc1,714,20.175170357329478,6.985428132840776
d6af1211-c122-4479-969e-60bdac18be33,680,32.84668423814159,52.26996646472154
189a9e73-68d3-41ef-91b4-a70c491bc9de,154,51.81120262521799,23.832693695741906
f29db993-5c7d-45ac-ad7a-23838c00ea56,872,8.900730458590967,16.229059695145697
f6743118-84b8-4ea1-bf6c-9ff6c89c42c4,431,64.86639539053255,77.73268695172035
3152916b-accb-4e1c-8374-930fc67c79ab,67,58.87490392460988,85.8857702100336
ba03e2d5-7812-4668-8be7-63c5cd2e7b17,536,75.75319511001443,42.46416136779113
2b065cc2-6e9c-460c-a94a-e19d41bb7217,104,58.033302199585165,50.52649394942069
6d3728ba-f1ad-4c80-b5de-5e45bee151e1,264,67.91765622699945,27.096138356977693
3c04429f-e35e-4428-8472-9e925aa4e128,zijp,41.56479048007876,35.61630560298325
601a1905-47d0-4edf-88d6-818c87fba69d,430,37.10615596871121,14.146100087890566
14fe8816-3f4f-460d-80e5-1435192938e5,622,92.7744689235674,30.22684212087803
ddb33e63-40a3-4015-8deb-2444e037c808,644,81.3158605530489,65.9104529266279
1176ae1e-7fe8-4d47-ac75-0d693e11b65d,oyew,63.38640607340664,12.910559000917845
a92f2177-00ff-4ee7-be1a-e9a28195b4e3,896,15.543000563027098,66.6657134977255
0df4cbc8-a07e-4bc8-a85c-33841efc1550,923,88.30611358590778,79.36650331498942
38a70f92-3777-4226-bc72-48ffa9c16922,657,12.077397167482651,62.3284052141524
0bdc5b75-b24f-419b-9f96-1672719b431c,ttnx,86.49346957795629,80.99032251693163
8942a07c-6858-47d6-93c6-a2d4cc78b14c,799,24.11420524089075,61.54113453373209
a453457a-ce46-48b9-b5d6-c42448672f35,70,74.25107260931708,97.43718621190558
d5c4aae9-827a-421e-a12d-616779930f5a,934,37.92506393351531,36.78648077999453
3f34f4f2-5384-4260-9a29-50426d4d2f7a,ndme,7.6432097277323585,12.447802331369884
47eef4e1-a178-4298-8c75-30832ce6820b,325,45.23318714748839,27.7545700627837
c2379d6d-2d3d-47eb-b6aa-a17bfa52e4cc,266,50.99597835236332,61.6725267773225
661b4a96-81d0-4c7d-b44d-473f790e028d,999,95.40300616346768,45.98126433572608
28051f72-5d99-4653-b773-1653c580809b,715,73.19684074472337,49.4620306509033
d82748b5-f279-4dcc-9e7c-4259a708ef5a,448,12.257853281903651,90.8438022104476
e76658a8-5c40-4951-8113-9d332d9097d0,337,90.06647448257984,93.80235750501409
ec1e2d8c-4123-4a86-805c-6b6538073523,r,2.9734390402035293,88.8470765134051
be003e21-01b5-4a14-98c8-594e2add2169,82,25.059515362078365,45.605814529668
30958638-8f25-4c15-84a0-c69cb54aae02,860,87.91894332618772,51.52300378081848
e05f44eb-e927-4807-a660-09fe4f9b6dfa,enhg,5.059611246320516,40.52630042658032
0a589848-ab30-4d54-b7ff-587ca69a843e,EffI,71.18068848159056,48.11137900880832
b85c508c-0935-4bc2-a5fc-6e34159c7c6c,415,60.87028952847457,58.73895156219157
79e48614-f573-4132-8b1b-f206c6c5289f,259,92.48566645705108,62.25753953943092
0fc7fd20-dc01-4754-ab1c-71fbcb262820,88,70.94119632878062,68.55667735003901
c0afecfc-2946-4484-9220-6d5546819543,669,56.79917783835321,63.62243792424931
3cc53e7b-ac9d-44e9-9ce6-da31042d7d39,zyc,92.55731290458264,3.8530836855433903
cc4c8ebe-4497-4738-8200-e066fddbbcb8,,18.90808447738851,17.41396887564055
bf93e830-35d3-4ff4-9fde-80ea41baa13b,896,32.43532257020972,62.24669788591112
4a337958-1911-46e8-b63e-6df48135add7,ijtr,58.73105662445533,14.665460473955529
e53948d9-c4b4-43fe-9f58-34d655b1fc8f,136,3.064579433136594,47.01846832224639
8e3e416c-a87f-488d-8cf0-dcc6fca32329,288,81.16695541427038,80.81591517660569
785e6968-435c-46de-bef6-00154c896c8b,914,75.70648497813006,28.04414970207879
8cf3101e-f879-48e9-b2d7-9fb774dfdba8,823,67.04252268214468,87.21942681845725
6063d2e0-bfc9-4f08-ab87-2981d9e91daa,595,80.43343601414881,65.64010587640958
d0e8a4ff-422a-4b36-9857-f8571c64c062,ayyj,8.546911570038107,63.22039429949093
cba1cf01-47c5-4b4d-89b1-efab1cd555f4,730,29.959338745253696,41.90478017781866
b22c90bb-94e4-49f2-a7d4-862a0ed414a6,gXbq,17.776108524068356,8.402987177148857
67257080-9595-4512-89da-9dcf94aa10ff,68,86.09792495421935,72.1576287424259
06946ada-3cf8-46db-a0a3-bdc4a3315f9a,36,1.8933771772745576,9.399651400583751
fd2e6211-39b8-410f-82d8-3faadff9b8c9,529,45.05461313216112,66.88034937199681
f86d68fe-5a2b-4154-9625-7c1457bf1375,34,46.04316099462685,22.937876811009104
158dade0-9cb4-4009-907a-d0ef023754c7,7,38.04924495510376,43.99163061757798
9258a1d3-2800-40d1-bbc0-3c6bde4b48e2,523,38.75009528106197,61.13287572302012
51a8e354-1625-48a5-ae00-e7dda87846f9,rEti,26.296224815772472,57.33753567998468
0aa1d4bc-68e9-4efb-ba58-c50e8f59c79b,783,47.98643073042352,59.92694212749472
3028fbe3-b47b-43df-8b26-98027fc1bb87,580,40.95438830255917,80.3112102549394
d09747fc-8121-4edf-a3da-e32b726d7577,319,73.47222343137956,87.2316090250596
3c38cc31-e938-4887-9da1-62c9f8eab2b6,841,11.684091494720796,54.40128831733373
7afa4dea-7789-4768-9f63-1df1c1ef261c,944,68.48950252565498,33.583092281800205
c7d99303-f09d-41f1-a040-450f0fb70e59,460,55.67094538596184,22.69132783789429
28f78cd7-d231-481c-b8f0-ab182b88b193,463,88.6358944153391,73.63150103120356
fb7860dc-5f11-48fd-b86c-caaf01afab8b,287,86.20900942761682,5.041581950075658
831a9a7a-0a52-4c03-b281-6475d241d725,771,90.28322622174116,4.1301830623499125
cf17289f-7c74-4d6a-bdf5-99f6ce9bd004,282,63.84092972662441,39.78813937060019
f5a35614-554e-4928-a7cd-4a8eb6c1b5ad,oAul,67.14706662112667,27.215162930292838
add02868-d05c-47be-bdb3-d7d1ffe3a801,443,47.87097661701503,88.23785214576002
9e112c3a-d677-447c-8926-da170bf3fbda,958,84.59685594048736,89.15033368201954
09bce49e-1945-45f5-b9e7-764960153b4b,454,72.59410004984208,34.164632781091
45b44e27-031b-491c-ad8e-4e11f0a698bc,Odim,86.98913693534746,91.93705071534932
0769c262-9743-449f-8247-08ada2343d4b,cbje,36.73538722160886,60.962885408118616
9cc51b28-fb5c-4996-bec6-c9e55d8e3855,173,16.580270890480207,65.14013077162186
8ab16a13-f82b-4104-97b6-997238695e82,894,67.46032597588942,34.88837934194973
5bf0ad99-23cd-4111-944b-e5520c622369,694,34.48277296127894,7.972039635933925
bf73a248-9902-44ab-aec6-49c62dc925e6,acgw,72.84033865131765,96.9689790747315
f9c46959-c797-4bdb-ab7e-37bea19331e4,444,61.81798732203217,72.90383425193647
e091ab3f-5898-4f84-b813-ebd270774600,,26.132530892633444,4.584666920189218
c89389e3-6824-4535-bd99-78e5eb4b870c,488,54.11983159703389,24.72300392529005
4aafcf50-c73f-433b-9dab-a5998d1a9183,alia,66.29837703833633,39.25319402421972
6f30e4f7-f7ce-443c-a462-3f32f70c314c,176,90.2345385744694,61.74685766361161
2f613bff-f113-480f-a0a0-fd84e2df3d41,840,83.2288665502118,23.79657290888936
bade69f4-2b3d-4c3f-9a02-daa466e1931c,346,58.51706722172069,47.36585750170372
405d5074-bc2a-4a94-a563-116770cdd43a,916,90.63523840917344,8.245482183825859
7d040e0b-b9a1-453a-a81b-2d9095cd48ae,376,91.82331066791043,82.79447684688715
10caed40-f2cd-4b03-bbc7-12cb5de65579,550,42.73604686162958,48.11293563668946
55f75d5b-2a5e-4afd-917e-8e33102bbca3,203,22.290715217279345,80.00806516011083
076f0727-79ce-4797-a09d-0cac4bff6a32,eaeF,65.13834525061013,4.847757359339466
09a5c5d6-7cd9-4574-a6a4-291c7e7fbac2,414,34.923423648536314,69.12034728122886
b1fe8984-8d57-4bb8-bf76-c8fcf1286982,357,29.06150428006399,64.97039600277797
fdd5fad9-b2bc-4484-9af8-888dd5adba0b,574,37.4875037546713,68.48752383787067
0bbe5b3c-c440-436c-b548-bf70b32f685f,iawz,38.24347329954424,41.40437516911658
dcebcc30-4da9-4fcf-adf1-24c37d88a400,949,72.65430642626106,65.86626808294193
5055e517-2786-4db4-8862-4efa1bcf6e9a,kvhe,11.594749641809477,93.94767031378184
13ebc4b0-8e3a-49e1-a1d3-c664f785760e,639,36.91529222187607,13.390493899335832
f55edfab-b490-4265-8f16-2dd7d0e263f7,161,11.408894503979482,84.28435904608199
3a96bf52-84be-4f2c-bd5c-af07b27ff18e,659,2.2451919791878883,93.82070055336258
248d1add-7c7f-42f6-9789-977aeceaa60a,712,48.778337561640974,68.67890561496183
dcf0ab9c-46f6-4ebb-8345-11aae93df15e,706,8.660459087328732,76.25167535058837
1c18f914-dbd7-4b18-a0a8-4b2eb5c890ad,882,49.99887637781711,27.15671677389634
d48a6915-c9c3-422b-9aaa-25f3452161a1,463,38.10925293236737,15.003359712710695
72ec032a-9641-4e9e-9e97-bda7f80c2d62,229,3.2072115882564645,68.94882434912904
b2d74e41-ec61-473d-b1ef-fb64124d1b60,665,27.76907292116372,52.9462550461994
c7477ec0-e423-4789-9707-b32761dd1315,Yyrw,64.6183131904128,0.7887819838800048
41e749bf-3276-477b-9e04-826c64156ce7,Srtz,17.452796341144538,93.50510701841507
a3bfd8b3-8c05-4b94-be65-ece6b37f9bee,971,95.11385731659549,29.739751290278484
0a0fac71-2280-4d2f-a136-1b2ec779d2a9,uvwz,50.02621431931169,66.33779644540108
d0ca2f2a-c5a8-469e-bcdb-bb81594fb42d,159,95.020767153531,59.16332256434871
77d5f87b-dd61-4fbe-957a-7118e1f8c848,788,15.484794902864774,9.959223341665291
6c15ff7f-e5eb-4853-b080-88a3feae1220,259,41.63291012313339,12.731531760660395
20831457-d692-4140-83da-d4d93e91e605,864,97.93065497830094,53.933714756498695
82bd6b8f-af83-4fe9-a754-58ebe0e5eb1d,941,71.67873797639788,76.99786076981856
5aa59924-c6eb-425d-9132-6c6a9e660481,256,67.25315366583857,31.838438139388213
5b9b65f8-848e-4be6-b97c-aa24183bdb0d,fqln,4.315905948405141,63.53447353487845
53566405-983a-496e-9878-920445d95b5f,zkkO,8.729011911777363,31.666604025678968
5c4cb31a-3df0-45fe-aa81-90d7adcf65a0,63,24.384455812576743,70.2940230159651
e1de790b-7bb5-46d3-a6e6-8dcb75ffe1ca,596,19.774977226183942,72.34725246679396
2478f875-7fa6-4b97-bef7-fa6e8220cf8d,erfN,45.31394542205124,20.928655194960257
fbba939e-0f78-4494-83a8-97276ea8e5eb,oboh,71.3562356183801,11.066214330462042
1b9d1680-6c7b-49b3-a0d3-8a8f3c9c6259,459,94.32354078599592,54.07107526006103
3fa773af-387a-4925-82e3-aebba0eca88b,686,72.32481330993869,84.85825193301115
e0052dfa-278d-4f46-a45a-3095b15f8704,vpzt,12.05490252543454,23.987703466955868
5fa263d3-574e-4e61-9f47-1134a0ad2d3a,fkdj,0.2432933876661658,36.42896242288175
bde6ca29-5642-41e6-bad1-ade55bd9adc7,371,25.56159318919402,47.7567535636939
a735b605-c1df-4057-af2f-68d23eed5549,mpde,81.93788712992855,23.03970575960943
4af76b00-fc1d-4a4b-ab0a-195c53e0516e,186,61.57345918279881,75.54312213143054
6d20c973-9df6-4572-98a5-6cff2dbf0680,486,69.40562545304377,23.42783009371829
df6e8ebd-7bff-48d1-a381-a272b8f66f7a,929,51.87079166873324,95.99915865951289
423f5e0e-57a3-40dd-8117-c8b104e2696d,654,24.11450689945273,50.14739733204352
864078c1-888a-4022-b2d7-7f21f7d6f4fa,632,71.85527940360802,77.16672090553621
99a66e01-bb03-4e49-b1e6-65808dc517cd,727,52.33471958044199,1.9641531468104656
9a5811fe-0435-4ba6-9d43-f70e9927c418,963,79.25055843612425,20.557507376730022
1cf4242b-0a09-40f4-821d-450035164457,264,54.390911286121344,14.347518475895017
c4b0f8ed-a0ea-4f85-ad78-e2f26622567c,586,64.68303415699508,78.06563580796407
282a577a-1c1f-4d37-9fca-5fffa5037a4f,47,16.16098263286124,13.745053798894858
3fccdd86-8cae-4976-81d7-70c6f661daaf,599,51.18766344334037,8.083093886962589
68d20118-eec9-4bec-9cf6-5c2c31daa05d,FwiY,4.5326876871548905,43.097239238597005
cadb623b-9a2f-4760-871d-9c224c748ebd,631,1.2622827668274827,71.56963460011411
343923d1-d532-4ebc-a7a6-3c758fca67c0,329,83.48852846359158,75.5000322595658
2a409095-ef40-4143-9ccc-d2a03a59f581,547,83.3718445979455,59.09015193659691
5e1a58d1-b57e-42d5-b929-e1534e8ac4c6,zcvc,93.83056925358838,18.70927362021886
2347e17f-e41e-445a-add9-cba45c001330,gdvO,81.79249177434788,87.3666112495673
6e412540-85f6-4a90-a30b-3649eaef30bb,538,82.54902407549673,88.2222945984982
39d8efbf-5915-4f89-a4bf-ebc1860334df,wbms,72.2542765261881,35.74431671352289
ff8e3072-1eca-4042-ade0-b4b35231f3ea,134,14.832504607752394,22.659845209865736
21bd2f40-1794-4af3-92c2-b2a4842b662f,802,54.61128794748132,11.654456404861568
84277f89-c6c3-4c02-9748-a494f2f40f6c,509,13.981529863693664,82.52332904459227
a92c3bc1-8d29-4455-add1-114720befe95,353,93.31348466703568,51.10702344635945
b5241b9f-88e4-4b55-877c-991edd9ad081,Efvs,2.4664652511906526,42.16389542595294
9a714bd0-8d9f-444e-95ca-bbcce4870f83,407,32.66561903661389,60.13363411727387
f405af1c-cbb2-4b13-8681-b59f78c757d6,krnw,42.98054633063594,32.08253729129742
12deaa71-a613-497c-8328-8f2b27f890e1,633,83.91616900534956,57.86349764236088
99c23cec-368b-4665-b3e5-e51e43e30440,180,99.55872185781988,85.46524244438848
e7bff486-508d-44a4-9a64-d9f13ca02f77,311,17.940505953836926,1.293494809375717
e768c03f-0ff1-45df-8ef9-cf09496e26f4,504,27.268733606659545,34.46754567719504
17145cf5-2e39-4575-8785-e66144532bb1,20,81.57644584341047,94.9309340256664
14cbc6e3-2dc2-4261-aaf6-f977b737a9c9,332,3.40789867250938,97.50358515126813
70fd82b4-7e13-4f16-8c22-e8b127619a00,877,89.32238434624232,51.13313008339454
ead1639c-64fe-40d2-800b-670d726fe6d8,otff,15.389674644257068,15.707682686372614
93e7ac50-520e-40f0-93ca-3ef772162da2,321,17.15130336702383,53.63322203523051
eccb1039-cce4-473b-9e04-6ef548ca0394,875,19.31360854753849,29.699686304665963
ff8d892c-028e-4ca9-8bd5-f63c1d3c848a,423,31.364569939582964,0.8502886260301601
b40b0747-69dc-478d-a3da-a76c1a8e0f7e,Asyn,69.34503825276198,30.571956189442883
3f6b3858-e64d-47a4-8c9b-5890f3dc4877,812,55.63435116018104,49.00434730637648
37c31690-49b6-47b8-84b4-b8e5bb6c7a30,544,44.619075141281314,62.07467256124502
b142d48e-6784-4652-9df4-35eb8df57d8f,271,61.23961273529647,33.298111573869626
a91006ff-f304-41e4-b25e-ef1be31ee284,192,95.48305021829545,30.89879690588363
b0115ec8-ef7d-418a-9d09-e2f0164711ae,988,99.882400435699,21.549208434506006
bef5f8ea-3f54-4188-866f-dda8a964bd6b,430,38.00128142251688,92.45890600482552
78379ec0-d38a-45ae-8cfe-edd4522ffa19,943,60.04758313395963,99.30912195158112
2310a7dd-57df-485b-9ee0-a6d523047e9a,302,70.82517777152843,3.676077842522618
db06564b-09a6-4d4c-ba47-9317439f921e,dkgf,43.16492558300477,63.26131342124759
885f7751-bd0c-45b4-bbef-c83e8ff877ce,687,61.63111280130392,42.67128295209432
b4632a80-7fd2-4a6d-879c-f3a2d4e6ab40,908,99.7596768370258,40.08582439792472
70b5abd0-bb95-4361-aad3-36e7ece18110,daVv,63.415907678648885,41.75597457679267
c0a02536-c329-4135-83f2-f6075f45015d,534,62.20077795585125,16.893493570294382
9b3cae95-ed6b-485b-ab4e-ae79e24ed01c,cyiq,22.986048692291373,74.70638391143363
9f8ccea1-7d83-40f2-bd2d-94e943a54d43,437,94.04686812946017,26.28901595950521
71aa3d12-faff-46ee-99bc-f705069938f0,7,69.66880819634295,20.0785269349358
87d45728-d384-433c-8b9e-1a868171d2f7,546,8.230573747022408,88.04404656799157
21ad87fd-2d50-4e19-b0fe-9c421c9616a3,xvxp,78.9278315084205,17.08884185149525
b8d72d38-4dcb-4008-93b2-d46e3819bacf,996,65.85529710619615,0.7176385718057343
4c60d381-eac7-48db-a11f-887393ee1edc,519,86.3321313580965,15.723882453544402
753688e1-dd44-4fa0-8262-1cde97fcd213,235,64.0256931277043,94.76681357257426
405cab0c-3374-4999-80e3-620756d58436,936,29.03033216566674,23.58078248730925
b9f7ff63-c579-4c53-8a1c-6b998e18dd19,359,74.26909642171583,27.902169615114893
43d7c1ff-e421-411c-8e06-2ddd11dd4f0d,npbo,99.10234659925416,96.41722461646258
563ac336-e167-4189-89db-b09ce7c3ff14,314,14.220990751470186,19.803600952003357
e26359fe-168a-4da2-8e35-86b634815540,389,41.13601851955933,62.13738263861689
1109eb98-b46b-43d0-901d-de28dbf650fd,hmzy,57.84360923467368,36.04876063657749
3f0a8fe6-6201-4042-b062-0edae63d9eb6,1000,47.82271683060165,24.295203237696583
6b85ed9d-7988-45ce-b65a-e1d5812f7945,403,60.39187092124935,51.07784810767476
9e064ad0-bb33-46ad-a558-8e0f5acb26d8,636,33.15996040786603,10.716492592083938
65778053-9470-4d8e-9953-779c59c76615,347,63.55392917111728,96.07830276414226
54ff5b0c-db76-4d7e-bb22-80fad6547e1f,845,70.33962621747453,48.68324112116241
3e62d485-eaad-4c53-a7ab-061fa94c312f,qwSv,72.9651494781779,18.61682799456059
b2cab278-f132-4013-ab5b-1367bd995a7d,668,24.73315657742964,0.8426687059765348
c03cec89-bae2-4e9a-b2e9-cfa7d82f8b08,945,53.662417246304805,97.83103498824369
93d4ed02-b4c4-4f9c-8828-103579927cbe,94,65.60205483648528,34.41059341102298
1226aa51-a273-4536-b3a5-dcb9a562a04c,836,4.196445061341825,3.6542813138981214
