id,size,speed,axis_ANGLE
1cde7c7c-9352-42ba-b13e-a20e64bc2706,ipmi,15.197887580349713,13.216699205023897
dd7be062-c834-486e-9213-57857e4df83b,366,69.79668303972122,32.87761039777393
112b8fd5-1e96-49dc-a2df-ced1a963deb2,Ufhc,10.48763369079262,78.0410918059422
c212d214-48a4-4601-8ed8-b226444582b3,83,93.35519769831816,12.351174321340263
593e3498-8c75-47ce-80b8-014ee0f277e6,470,22.46986180479089,88.6489767209183
0c24c8f2-29c7-4290-9060-aa3fb9bb39bb,423,62.86131706596109,52.90164283348936
1e93d286-5206-443a-a32b-f0290597189d,976,27.95295382713937,95.39784094277552
82e5533b-619f-4236-9e5a-cf539d514857,393,36.94480366717466,5.159565400123811
7cff6232-7ab4-4e78-ab6d-dc9a7c30a2eb,123,88.67641784443062,22.056216221839232
dea10669-d69c-4834-bd96-80702beb2367,559,81.04756098956966,75.04087586289641
dd3f4b66-7bcb-4772-8ed3-bd9ce38629ae,104,90.94371616639134,96.7895337415558
86fb13e1-7f9c-4d96-a74c-df9647218097,201,72.74737102556814,93.60801608563747
d6bf23be-d7a8-4c53-a43f-6cf9845555cf,478,28.30181330912214,24.895157533099265
c45740f5-6f81-44f9-ae46-7b1544e28424,833,64.73425221659713,35.67289910375029
9649648d-c6b3-4e51-b485-3b6739a730e9,185,3.1310207602818885,2.9892984119758714
7b986e44-32f5-4cf4-8f4f-a4610f888017,234,53.20125456095435,3.0228472152068475
52f21e97-fe41-44d2-8925-b421f564cf58,308,81.51897931703766,46.257111004785365
f8e8b3c6-ef0f-4e0d-ad66-9d8aff4472e0,661,49.48629439010018,14.016482094322724
f697247e-e767-4a4d-b2d2-5a077bb3438d,570,1.0946189769556636,77.01791174337576
74a8c61a-37b3-4853-a021-84367b78abeb,382,77.54617414747612,36.89410872293738
757f05d0-6c40-4d7d-842b-122627a6da4d,505,48.50274216585319,0.8949345389505092
317c0899-b7a6-4bee-bf9e-75133b787a1d,602,70.82781160780915,45.40356175397103
01a2a5a9-d929-448e-b30e-11db37afa035,990,1.2269393235113446,21.814235013346995
65470c21-22ca-4c4b-8acd-778374ff11e8,144,55.07453326665025,38.84278589524398
bb2a6764-9a10-4586-af00-34cc92e670c6,196,66.40204432994015,30.406889931906434
6df67c12-fe62-443b-b4d4-5092a6460ea7,lprq,61.89141567574383,34.909514436410895
905546b7-707f-429b-8f7c-aa39cc7675c7,796,48.43397623088278,65.44364210751607
65603da5-10f4-40f9-b36a-21fbdc381986,954,14.18221620544866,30.84838162291956
881cb330-0e38-445c-8e01-ab8388b682ba,966,18.028297598331037,11.441193654902673
c7ea01e8-1d60-41cb-b9dd-6daccf351fa0,968,6.661875886704682,70.5704516021072
02de4f46-0793-4fea-aef0-e228a1e1baf7,986,68.70658559644966,87.3123777986263
f7b67ee0-e5d2-41c9-8b47-a6382c4312d8,352,80.05711135177151,42.31155233410646
678db812-9f9e-4c08-88c1-8e77bfb8d004,664,27.368297121901698,95.06700743887522
107b30e6-07cd-408c-8c40-64ab713a2ed1,541,41.313055627865744,51.55044733213736
73e50c5d-6aff-4eff-84cb-1ec0ac16dd3f,811,23.9998700225752,65.41419788653332
388ca794-37ea-4b6d-ab8a-fdc1d0c1a03f,587,9.16786250255226,57.82409502347795
157cb945-c0ce-4092-8e4f-dadf8d6dc84c,569,93.11039674247294,34.11913330246269
00af8f47-1f45-446c-8e62-815e14711c8d,344,25.651684846499613,18.77344181352829
729b0b28-7f6a-4b06-9f86-cb0aabc0c398,87,70.89395139882902,1.6554010668466623
8eb84b17-0a01-47f1-b873-461021858de8,218,77.20649362332273,22.347690696865183
ae956b3d-170d-44bb-ac78-252a748844bb,NwtE,42.82729473162056,20.44127194706663
5e26f5f7-6902-4942-8912-c049510a62cd,82,51.88351608767498,81.54105582898217
6597fb89-aee7-4a49-b01a-1b0f98899cce,918,3.8097991203297488,44.307843876267285
8e7250d5-d597-4eec-b5cd-766e2174d2b1,734,89.39050285353362,53.5024757942796
52924cca-5247-4b71-98d8-ded9e54720f3,jdaf,18.971657820863097,12.88803180221938
d2fafd58-37b6-48a2-8838-e8a5d9754aff,510,72.25209383696503,60.89159874365011
3d766ed8-3de0-47d3-9fc8-fc8dc1a3644c,549,51.36733518233779,63.04746929485139
fed789e8-84e6-4665-bdcd-ebea4dad161a,979,87.95738531185795,37.16873575727728
5eb5525d-60bf-4032-9321-cd529c0816ab,877,27.633731969529684,93.37250140236196
1a1aabfa-8858-4d3e-b989-90e5e2dcb85a,123,94.29088606846092,3.355737660515179
d4d41b0e-d59c-4a66-931f-6e8863296a97,756,1.3890294197102082,71.40581229779902
e1928149-4c0f-4a02-8953-96b678aeb67f,393,55.73219821569564,56.72302318513175
e0bf8422-fec7-43d6-ae00-609f8db3c7c5,771,78.10740478758204,77.02823399589114
5ebfc3c1-7409-4bff-85d8-4ad048d00400,281,20.84489579241279,27.18018771572066
0d3a24e4-a8e6-46f9-8fde-5eca6601c303,273,4.651892258507195,8.526851337196517
36730410-ae64-4cf0-924d-d3c03c369ab8,jalv,92.45745372011672,17.193745969975826
fb7c4ec9-1b23-445e-b6f5-4977e4d6a5fb,56,47.583537402914686,65.72859441249742
bbe27eb4-5898-4f1d-a9dc-eccddea856a0,720,25.328289921819213,26.307047271505837
821a5f75-ca90-4437-83c6-acb631e6ff62,tTaa,38.905743698715725,68.69531600967659
870da662-464d-4f0f-b186-9920bda034bb,466,14.582799410109835,11.667324106415355
22a6b3ea-7edc-495b-b308-ae3692ad4e51,189,5.891279975611196,26.78746408134687
29457177-9829-46da-a8b2-c6c6bcf616d1,440,2.659423889458634,11.720500465438256
530f5dec-5ec3-4f0c-8c8c-c0e737fff0e9,gpft,62.41809516499918,0.2159826520102603
cbf8c32c-1861-402c-888b-9a0802f06a6f,376,46.29375403099183,83.00629000845232
42f872cd-489f-4c8e-9de3-034927a663e6,xo,82.4601505697487,48.52009325568592
fb4a6cbf-83bf-4178-bd67-c0a7363f6b2a,zaya,68.8903283404199,38.71683185723377
64bec5e7-926d-4aba-9af1-cbc2df267a10,dSbs,28.719009511619063,44.70609327372058
af4f9f49-5ff0-4fb2-adc9-4fe97f70f1b6,algd,83.53798363814613,37.83970010752115
82c71557-7afe-4844-aa44-85c7a77e417a,433,1.622505797580831,34.35916194863109
9227d069-4017-48f3-9b00-e566378d184b,374,69.0147106463995,59.31446729864732
f2f5af2f-098e-47cf-a84e-71c5fddd137d,966,97.283137226859,32.58203546857729
024b9299-e7ea-4086-9ceb-70a3e5c5f6a5,952,62.6207655855272,6.659567236407393
f6a7a328-963a-48c9-aea0-58ac1ed84660,mcct,44.11147162539,32.2584935467255
f0ea2951-5542-483d-9f39-47f8ac1cc898,327,10.786094473200302,75.18962721151165
69c69b4c-15eb-4337-909d-f9b2e2b4ba61,699,9.186080376194594,96.4913884465506
a7584931-cdea-4ac8-9421-3fb3f19f672f,144,31.49052944302612,60.61447660230671
2b742c0f-9301-47a7-9b94-36c6462a2b10,658,66.78552024643652,91.33370697236548
8312d69c-bbd3-44c4-b7e5-1aa5d077f1a0,834,10.694997551040863,36.00394978431826
999d1882-52c8-4957-85ff-373fe4ff6f4a,985,35.13596775360214,53.60591412154301
05f54ba5-1e7d-4a53-90bf-2b3bfacbfb6d,840,93.47310679036208,46.04009000178776
d871020d-6e29-40d2-beba-7b76eb20d0b0,17,54.322672796767165,57.8046164872799
6e2eed60-f270-420d-a14b-8a3de84a79bf,960,75.51215164865658,80.82305945815554
ab1f65bb-4df4-49b6-a5af-00db20b35795,siBe,61.917461843833145,86.650336270309
4833a1e8-3b89-43d7-bf46-898e4a88fd49,438,58.54824492736724,30.28102507575039
6951717e-4f25-43d3-9a35-1dfeea7955be,ousw,17.41953473587834,97.5793280515862
6e5b4a89-6462-4fab-8de4-b7c0a181bc54,891,91.55980470963706,40.732024580014894
3b09db2f-28a8-44e1-84f6-7946ad0e545c,301,81.14943922246358,75.75078450926432
8c04016b-818e-45af-a901-2417b08050a7,673,24.3198522882729,46.19335373828584
c9849c8b-13f6-4dac-917f-7e762186e843,29,59.20414172891175,77.00178295092871
27a60907-9a31-4d73-a74e-bc78e1c82002,mbfl,24.96223335878437,83.34766432592161
3647a0dd-cdc5-46d0-ae44-83c976679efb,435,24.172234514209567,66.90842811615651
91e751b3-f44d-46b1-8da0-680f40b86c87,877,68.42209242205315,20.102878726667228
77de9dfb-ae7b-4e23-8a86-0c390fb72728,kezg,63.704795941361866,82.84421435548172
c9e07940-8783-4684-bba3-f4e6698ad1a3,810,8.736608542225587,87.94581445981817
d801d6e9-8712-47dc-928c-3cb9487f203f,927,2.469480475547192,88.46492900030528
7ac17749-52d3-4a77-91bf-ffaef0f54bf0,651,11.378043247891544,56.45673737967997
d1657a8a-3936-4257-8f0d-d1a6c5b04d0a,vxth,67.55628799391626,16.740390993891918
43112671-3a7a-4ab0-bfd9-177cb80a53cc,109,36.22935505677511,1.2607823640362503
a1ce20a0-5016-4ec0-97f5-6f80b8e9645a,349,6.271845135810549,65.32864978748539
1fb28664-23a6-4f9f-bd69-1b82dc55a444,89,16.36425997612918,2.517930320338768
ef56a22b-7f72-490c-a868-2b243625a273,ktqv,71.12744697420142,63.597645272145286
81148f15-17eb-41aa-8af5-dcc23ac1c26b,353,84.88676725411244,50.46151824278745
6678e717-e533-4c2d-8ca9-39bf1be43f48,646,43.3127371712418,32.31620051256196
dd833e0d-d41a-4fbb-a6be-6b0b028835b7,291,91.54618574794068,66.63527908784943
5d1eeb6e-6927-4d86-907c-66856937e5a0,160,13.326277126869012,62.4034804167831
45182d91-8526-4a22-9404-7711003fbbcb,151,89.79880293701046,44.43050398160264
87fb6eab-d05e-4827-bd6b-a64eb365c892,616,59.65768872624717,39.47193599189054
1ca9962a-ed4c-49cb-be5b-1a8401daa613,601,36.00087783124544,99.69044330746485
5e855730-6540-4eaf-8d9e-2dc995fed5bd,827,27.204664226849584,61.41558924851249
d7943d5a-d796-49f1-aeea-33bcff294ffd,966,37.008493836835086,46.679410290944034
dd3919eb-150e-440b-a925-a980d5c37f04,692,18.879846948993297,66.47162815959832
eecb9008-04a1-4339-b4d0-7ee0b0345907,579,36.77382713500248,61.825867936581766
97fec70d-19ed-4c91-867c-37cec7a712bd,810,39.36230167928935,25.96364342658787
5a79949a-df58-484d-bbb9-d31b61475fc0,876,19.232343893774097,45.50985630929998
507c9482-54c1-432c-b23d-e80dc02207cb,550,6.572148332299177,29.296475493410775
716c99dd-16d9-4f1e-8110-b398f250408c,inUm,96.10037336825788,6.392776270483669
38e97043-4c3d-4405-be2a-012f0bbe282b,513,52.251213595106215,31.2990146616844
d2278dcc-71ff-4322-bd1b-f614e318c927,14,5.752247316209102,56.27747819779236
daddadca-1f5e-40a6-b56e-8a150d3402d5,852,93.87735670795269,55.667412514841565
a6bfc7c0-4484-41c0-b421-b1b7bda307a6,104,47.30423445765529,9.818224299896894
34b86b15-455c-449d-bf3f-133f2d7ac4b2,428,95.22590713318796,80.04821171119688
bf8d6566-86ca-43cc-84d9-38d550c045fe,683,18.93617473623973,2.936577227528725
edf85a31-29a4-435f-b6cf-95b9344aabe8,887,60.57010975617521,41.78319638571588
b6c9a6b5-145d-4a76-a729-d85761f723b8,768,26.464859980389942,46.68191734394297
62aa6a69-ab15-4ebc-835a-c4d4fc97e5fd,850,46.25857932898928,80.3059712171741
0e95a37a-7564-4b1f-a3a6-53a5956bec83,373,7.529087013370894,70.82074243385097
4a80706d-f258-437b-b1f3-88346bbb5462,336,58.30083731664115,17.22018526406859
fb7b69f0-03bc-46b9-8863-92c17240f614,qzkl,28.149325408937976,3.367557911366404
e110970f-7bef-47ac-ae19-9120eaf41097,tzto,20.621102431778382,42.28890520649004
57032755-15db-4d3f-93d1-6bac2baffe6c,344,31.92018955369348,56.33729801996481
ab4c01f4-9721-4300-912e-c2547072c2e7,258,65.93694297962624,21.38498751971
7e33357a-962d-4d61-ad6b-7ac133502a9b,qgiw,89.56329983294181,82.81451019647396
8a3bdaba-de1a-4b77-92ec-3a4485e361b6,toot,47.85212355556976,51.46605620269553
c2996476-df90-42fc-9b8a-6dc6282a7199,714,28.566741485487736,74.87922688526402
8cde15ea-2d4e-4fbf-8dc7-169774cf839c,tipu,99.69088599986463,1.059932910613548
29e11fe2-8202-43eb-b5b8-a1d76ed86d06,281,18.580190855583588,13.928972432517927
d049b18a-2005-4563-a2f2-a99139931ef1,882,59.39470444621923,86.40305172996051
6a4cba79-d37e-47cd-b242-316fd8c835ff,168,66.18213655276567,21.67035472998007
443c19cc-b107-467c-83cf-4f26efc3aead,157,3.943764888482315,40.08454201848901
0214798f-d82a-432e-85f2-28c44787fe4c,752,57.53947676703065,85.01607698232041
ea81e6c4-3878-4535-b932-fb39833f9511,115,97.23447260389275,53.12828101256456
d958a4ae-92f9-4ed4-bac4-1661dce16924,376,42.79446708052724,0.9524657257227176
181ef8ad-3de8-47ce-94ce-825f0656047d,858,15.647211197724165,74.99315167216932
528681a2-e616-404e-b74c-957ebbeb1766,441,54.45422863731661,34.18177767428495
f48b34ec-83ae-4447-beaa-8445293542ad,618,9.974167214256637,11.729909546859052
58e5390e-869d-4415-81c2-943279fec053,728,50.74086153184184,19.14217072939196
7347374e-c1cc-4afa-b8ff-2b92b9ea07b0,32,20.45537432572646,87.16888951935671
00f62ea5-7839-41ce-bfd6-b549c44c6939,25,11.014098297882068,67.62172821501184
b58be1c1-6565-48c6-ac12-0a5613054100,553,58.24185258229024,18.86274194148397
ad76d6ea-dd59-4837-9391-b68b4c6e5e1d,990,6.256559596895017,51.52408277789411
3953b2f5-ffad-4fe6-bc18-9f16be35f855,187,77.72975570371685,7.9361174119568
244a6741-f49d-4abd-b780-3ae2dbf01d96,222,27.5191029698979,95.86469010681448
0ac6c76f-6d30-41bd-a89b-4648b6488cd5,706,64.39032509706563,46.08481606621465
15df559d-ce19-4c5d-9fe1-8c99be3b3640,bixy,25.678332145038496,50.3994385039865
b6dd84e5-ea05-4d84-b296-99d6a7a997cb,295,4.30087160406083,77.7158272598351
75362e80-7983-4040-ba4a-7a08c1377128,323,90.23828083058532,14.776110256913087
0ac7dd69-9b85-44ac-987f-7d1638b425ed,qJuu,50.362100851530464,6.226930296737853
052a15dd-7679-4ff6-89e9-7024331901d6,504,87.00799079350409,60.30594074112268
21444007-f618-4f90-a55c-898135702348,Zocg,8.704650170851714,32.01566386746501
6e48c52d-0b27-4691-93af-0fdfab1c230d,444,28.05365965801485,90.47213659805344
b6136366-9396-4562-b69f-7126e114be6b,905,43.25459613687258,87.14006661819937
9274f98f-8600-46f3-96c5-0e305012ff97,776,10.520924042005298,91.14997128187996
34cebec2-8dd8-40de-9c11-8b4e13cc2c63,401,73.16268631688003,51.26041903381435
1cef2f2b-3192-4a58-8ba1-a3283cd4f3f8,19,49.62193806906193,70.92334069863232
a11ca6fc-0a59-407a-9b18-28811327cea4,232,87.4830909630181,92.76664950076962
0c53162a-dcd5-4b98-b085-95eed3b0db25,486,54.88227723090486,63.08868601715019
68bc3cf6-fb46-4fe1-bb1a-91409b9be110,978,52.74916399091767,93.78587093496292
1671c71e-0c87-4584-a0cf-b7cde45103b0,884,28.34627839842381,54.95570579433228
36df2a0b-c5b0-4202-8dfa-e7c7b0660b0a,238,87.79278441660601,10.863229087869009
2e23e881-469a-429d-9f79-e7556900c36b,424,61.85775731836847,25.551027674450367
8fdbb816-3d07-4743-9cb5-f82b21eb71ad,iuho,23.8065750806072,23.430341090175787
d34d85d2-178f-438c-bff5-40cee1cea3ee,986,95.16918429820096,87.82327595091954
5f68a9ba-5faa-49e7-a58c-3308889ff208,106,5.998895660784697,54.08222915840278
a57e011d-5e7f-41f6-bcf5-d43e8dab39aa,855,89.38334888276658,66.98076803394257
ebc4e4ab-2c78-45ca-9e9f-5d1cd8886296,872,12.371762692558365,95.22989896842832
4f6016c3-c22d-48c4-83d9-2bdad9b8f041,cxbh,54.43547407695005,56.74804948249408
848ab0b5-62a0-4775-9fbe-0caea2974949,ztet,28.743183147263927,41.497798894972846
2f9e1f39-deb6-498d-8175-5197efad1519,672,51.422938056251496,61.12480217745978
dc8d3db3-5f2d-4b1f-bba4-e9241d5f4f9c,923,60.66986457688518,70.84922246327083
d8d40721-a941-4ead-8cab-c905adc3202a,bean,85.47016393160344,77.04748482171988
282a18ad-acdd-47a8-8052-6c0878d89605,971,44.685455400975535,8.717026161465501
3962a381-a580-49cb-9031-2259b232886d,rlbe,24.923662086655156,97.05709963401252
8b448d57-e4b8-4a9b-b022-8a8e4f54895b,557,21.679867296591315,13.176893329582452
7ef63e4c-fb59-41f6-97dc-d2bfbfc9b002,379,93.92538173391132,8.905007897836958
40e566fb-722e-462f-ae6e-a719e2efab7a,a,9.487896290113994,69.47097935234045
b5e3f2ef-3336-4531-829c-24b2a92620ef,xyug,8.52004254270976,13.70493630503472
28010c52-aca9-47f2-8c99-49f4fec1ee13,553,3.325095235871933,57.69495465591432
ebd369f8-c201-49e6-97f6-25bb3f745a00,760,61.43967712006867,87.91237692814646
63ee8b6b-9178-43fd-94aa-05042dca4174,663,4.960293140879646,65.5864775610132
430005fa-0806-4e58-9763-61287ae5b88c,208,10.981202905414367,17.952719990303244
5e9f9658-31e4-41ff-ab9b-ee1a2f6c51e0,507,31.297504675126188,14.683031688568116
ab304353-f280-4cfa-984c-85fbe5cfa0ae,898,76.54348894937146,51.815891490726514
354f8f7e-6b47-4773-8652-df1367ee1378,882,8.879977876124201,47.42337774944995
7eb9de18-1794-44b0-ad3e-32d5d1adb3a7,675,49.14363238257893,91.29480715831647
dd6aea60-86e9-477a-9287-b694d80505c5,hasg,66.5719149245784,53.15324419218428
24498e17-d7b1-4924-ace5-3f76a8f5d236,hxdZ,65.3686490853825,58.384046221891865
edb41a78-8a0a-4a9d-8b46-adba6c9de31d,955,54.81764481979881,65.17394224262905
ec77e0f3-4002-4bda-9661-751d824992f7,516,98.62999810706646,31.37130752445082
45492fcf-70c0-4098-8fd7-b83889dfb48e,374,88.18453179843083,89.94827001206784
bc6f8859-d8eb-4b68-9fcc-8168955bc189,748,81.35270803194578,36.83854940750913
ab4fba54-b496-43f1-b2d0-97e00508c643,qhpc,35.26952803219196,68.26494399428586
3d2f2a6f-d6ff-43c7-9db3-456959099f83,60,96.377764922496,22.755027063680046
ac14745c-eade-4a1d-938f-a3ddce0d6730,842,95.33979429174786,61.01336562492996
d94a290f-f877-498f-aa08-a000fa92087b,656,2.410067733457644,14.595739553989873
ce4eaa20-16d9-4612-93ce-7bd3c5394ff7,215,46.30908321348457,35.178198959844885
c6240db2-96b9-4baf-a415-e9c6ac17f4f0,733,13.1617233732787,61.29878948720359
b01a1ad4-7191-4154-8eaa-d96130033189,491,73.60176008278076,54.469503205670776
b61cc742-b1d5-46b3-9cc5-f25b92306de3,41,82.03227304876148,49.06206761089533
1c40604b-5956-4748-a5ce-e4063b648b70,601,77.9816026260367,64.26478385529106
a7bd36af-35d1-4bcf-b262-601069f12172,514,51.74418077735624,93.583833942989
4e3b75eb-96b3-462f-9b65-6be84531baf4,uDsv,58.3709632194451,73.27791584509161
28207464-da0a-4e77-8608-2c7ce88df7ee,441,17.5090481195324,5.956697243654041
aad4e063-c698-4e09-bddc-4b59f84ad668,500,50.49463599354736,56.44075813502425
1cbdc10d-6dbb-4149-9329-5033252d200e,gilr,47.52347106400884,47.10268279527124
115241f1-6ddd-498d-84e7-df8948c47b30,Yssa,41.657716857507545,60.59013609956105
4d43fc99-3cc3-4a37-a1ce-23ff5871848a,559,1.9995104484570088,34.007663723652506
0ae06424-6649-48c1-9140-291d298d6bf8,413,62.11767949652862,52.28086407095732
45418e7f-52fd-4a81-a17e-85c083557952,711,42.10995233371568,2.701488173643296
c85417ac-bfb1-479f-a580-adf1a761b3fe,831,70.51208184352564,77.50357186585403
7cdc8823-5ea6-4f2e-89ff-9c0e45e46819,778,16.859856501526004,48.23143577084432
28668a18-ae40-4178-8e1c-ffdb9a00adb7,469,68.32225503150114,76.30404512480268
717fbff6-6c5c-4d09-88c9-4d6d07567bc9,377,16.19887585007368,4.460477191830703
4447a79c-2d74-4d37-a666-f858890512ab,wmwa,10.444396200734484,1.7121246013867442
dab908b7-fe9a-4f7d-9703-a094e89c8c2d,qjlp,56.1822925150738,61.40463608673858
659ad5ce-ba37-4473-a95f-4ce31cb4da2e,263,9.50951652838693,90.53945334240495
43405bba-1e61-4069-9ce6-1585cb398e65,pmtg,9.257741177840806,52.59543868933082
6c9ca39a-1c78-40fd-a6ab-cd68f7cb5295,795,53.797177773955205,7.675068340491631
66110159-2624-4ee4-ae85-4b6905b9cac0,629,90.9252929140312,15.710415657133636
2f2d6602-5966-41fc-a1af-87ae3e92bd46,177,1.5119671186297978,57.38625403125077
de30ed67-c8ed-4c1c-bd43-003304b6a420,629,95.69302736678549,57.40323230320599
4fbd6e2c-0aef-4c47-af78-e6faafceae6c,29,17.234373213499843,13.144834393807503
f5447c1b-f300-4945-b0d7-f935b9b2e36e,vftR,32.182635866335914,43.97648055574164
b5a9b358-e6e7-40de-aff6-6f435c910364,505,87.07321925606728,25.32115933507393
f99d01aa-af32-4484-83c6-668844593d48,rpGi,0.7629758860871361,57.80068144813507
110660dd-635d-4801-a128-8968832455cc,548,16.622118937137685,33.6063451952172
8ebaf46b-8172-4950-993a-51f344bcd857,583,2.208468042838174,47.99977958432432
2acd01c3-113a-47cc-a772-f09a5e0b1079,141,8.372777153036592,35.185989827611486
ec6a4a68-466b-4923-8775-83de33c2aad9,105,33.37697260907846,70.53717709674568
e8bd1bdb-2191-4fd6-8c7c-98fdb4d1db6d,849,88.50232826441193,5.708988949798533
442bd107-a52e-4222-8ed0-c8356fa37a04,759,73.35347093318322,34.566236294357566
6d2f6f79-7021-4112-ba67-8c4eab48ca2d,690,69.49849667139769,81.08393193181244
76e040b6-68b3-4957-805d-560bc833fa68,426,26.926645726401357,0.8396762454661144
c16344cd-468e-4346-bce5-1b4d805ba29f,561,6.285174062181376,66.71873887173355
30627037-8bec-461d-89c1-40bbc9fca3de,359,76.40201046602179,53.34728405305109
671593b0-886d-40f7-9c23-d1019e470dac,393,30.09846822481821,24.640417396824358
e18d5dd7-9993-432a-9474-d32168feba9c,600,8.059304164540649,14.240281067864869
f8f8bce4-7445-480f-be45-bcde18b9b6ff,cjBu,7.746056759132058,69.70548874328598
e8b5ed65-a542-456d-80f3-11d7d47cda4e,mqlu,87.08779449731827,15.361194128835209
21904c93-2157-4e74-836e-430686611fcb,tmnt,17.822592886228517,36.17824627365052
be18321b-ac6b-47a8-90ee-1aec6e82b418,853,5.679557355194886,98.40282234612656
fd06b25e-a160-40f5-ab64-e7b09538355a,678,12.570842569964755,18.67122012544625
10a5e301-0df7-4bfb-beb0-e83be1ce4dbc,68,63.780303687364594,85.7175642953745
35ce8d11-09d7-4612-86c4-8f18e81d1e62,80,80.00804682782923,41.313850737084415
421e5aa4-14b2-4e12-8648-18c8153193f5,759,18.98517797273509,23.036412759643245
aa7496fa-137c-459f-800a-45070a406ba4,fIfx,77.68764319296106,29.79479434303095
f685f1e4-40f7-437f-8ad3-b929dd503512,677,25.8121743633289,17.776407262727055
b92f739c-e407-48b9-a4ee-f179fcfe326c,470,44.40511487597277,19.934229846321728
882dad31-f879-4eea-a2fe-e7fd1ce868c5,435,75.16376770224,79.50562337150352
8dd62c4b-091b-4992-9ea5-6c1e59914a9e,91,44.17172670721343,35.67104167007907
f1d2fd28-2a29-4bb9-b2ac-c4fa0a7013e8,941,61.28163490334148,11.72254524455396
300dae05-5635-491f-a7e4-c485a57510ac,bnmv,57.15846950775389,37.2316795584111
89ea2581-4e28-4a44-90a4-7b93b131670e,368,1.0784869409510844,41.81484250028262
9665d509-4f2a-4a20-95ab-2ae71b28d5e6,590,75.03126336282307,46.50814792825632
ed3b00d9-4e9a-419d-9f86-f7ba22fb4fa2,806,97.46509263814072,24.10009437766931
59501f09-dba0-4338-8fba-a82b058dd3c9,53,49.66695126099151,81.71195643258203
70e28881-f4a2-41e3-b635-24adb3ffd178,756,30.87407957533549,14.24597670775244
bb0c81d2-6c1d-4d6d-a645-19b9d137b996,523,63.24976921226616,36.30301404137781
d19b1ea3-6302-4679-8344-c13ec068a0b9,15,53.09545486255238,12.36488838116604
bd6cf61e-d843-4a15-bfe9-d099065127d0,iSpd,8.611239914243862,71.67484626541643
f97ebe2f-7ee6-4bce-a477-60db3ed85af7,952,62.87161245888502,58.7800619890785
cfd88018-38ea-4428-8cbd-92f8ed8bc0d4,798,40.80981537762312,37.07912455788893
b69f1e19-d7a9-4ea8-bdc7-8b17ab8122cd,kGyl,11.732179412597244,61.93504886469496
8be8df22-7667-4ef7-8fb7-b0989fcc9b0c,377,7.541462336328086,36.663223784265305
99d3a17b-59a7-4f9f-b2ed-c031c48b0999,454,71.32764665520615,61.43998260266401
aa83af24-2799-4fac-abbf-f4a5ab8d6f83,145,72.27006880872831,32.19969636336704
7ad3de2d-d5d7-4e29-8b83-f37c5fb1f95a,94,94.6226902313632,62.41934290376433
a50a5587-916b-4dd0-bfe3-c0140dc886c6,991,52.69794148534292,6.873012171540371
6c2c87f5-6f79-42dc-9ec2-204b98a398d7,iznx,32.07277934195707,3.2366782186807663
13bf4055-fd40-4aed-9f9b-7d3f65827011,fwib,50.55048778806112,20.95298766625076
b734a885-4f89-4244-b479-da26baadc52f,Zngf,12.96390664133823,93.54682019081352
48b75a42-2414-4a0b-b1c3-23bb73b96f47,15,34.085577795867906,95.72175546952614
f030fd31-a2a9-4e94-be97-5e2df35d6d5e,esra,25.653921421764316,6.160959819506628
0aa61124-6a1d-4871-b654-fcf92c2db9e4,359,93.57856194491302,58.825839186722206
5e6b783e-4fff-4fa3-9f83-92855fe0a01b,377,89.24022693740503,47.4191107690579
9746078d-c6bb-4a42-9ce8-9705ac25465e,578,35.00349854629539,97.99963576080587
0b96bd27-f175-486a-b12a-af6af6626190,383,66.04760350779519,82.68030866551274
7a77cdaf-126d-429a-9030-fd5175118e31,614,40.22235870467885,39.22988709744669
eedeaef1-413d-44e2-897b-10ca12e5831c,900,19.7047003216286,9.9700283810505
71cb3e54-8910-4694-9d72-a10b4f9ee0ea,814,95.6902713681074,92.68747261693694
01a2ca24-0de5-4294-943d-825b2ab66884,113,79.00469541549141,53.78895529399195
82e7e7eb-ffa9-4697-96c4-d178e4388608,260,8.187728852755505,37.721247169850734
d990282a-a70d-4702-ba53-e2c7a0a0cb32,76,16.641568335109646,84.6716088108028
99f7b008-8991-46ef-9fb6-c6f0fc2e90e9,651,82.82549136909422,23.455041403322564
95a945f5-b06f-47e3-95ff-b41107d03e96,227,39.23381095845672,4.751704354167996
4cb5a331-1961-4dfb-ae57-26a9cc0a49b4,546,49.08530402317204,53.53342830575934
a8ef3e5c-6bef-4a30-8d88-0bb56fa7a1d5,201,18.60789644570048,83.99736058850299
f401d241-f8ba-407c-9271-5b9149218d15,woqn,66.39233332537692,30.3256909308244
531514dc-66a4-4109-9a55-40a3e87ea99b,559,82.60032360870781,2.469933521314227
b2c93e08-f35f-4b1f-a988-eb3d3ba1d4f1,806,42.43284884487528,78.1060870039576
ab840574-cedc-44c1-a71e-6ac5b54445ed,917,88.31934021487959,23.628610079890123
18a2eb35-9057-4197-840e-6af78cfefe24,335,33.998399845776305,79.5751010961718
efdb8631-dd35-426e-9051-71d0b8a6c291,ayxx,45.92779911004531,70.29456156576518
395c6408-cdda-4a4c-8d5a-4c6908ca8e2a,hvko,61.535134178539785,9.424691558685192
d724b9bf-0f7e-420e-a298-b5cdaac54e69,597,99.26740388827288,45.59719609373823
5f0e0e6f-6da1-4314-9e84-a748c29461a3,497,17.229078789872375,17.061321399000285
6ee57a9f-74bd-40dd-8c8d-01aeb8418cf7,586,61.77866941028878,15.840329646115702
c565cbae-c7e3-4c12-91d6-c95772747066,698,92.14986395920542,23.53656184784947
39e1cfa8-5bef-4118-b4db-5d62f3dce62b,128,18.490362359108804,39.20705915784376
13ec0326-9d5f-40c7-b662-d7034089f46e,367,9.93771590422914,41.68310503218385
12ffb483-bb84-46cc-b623-5562eceaf27f,125,10.002919104051466,59.172927902505215
cd039ea1-90a8-411a-a175-596570fa0334,423,97.85897984520484,26.10370763226993
d5623610-0d98-4cad-8288-c4b099ad9cbe,681,21.098726221467867,23.18990799142466
11492a70-e38c-4d71-89dc-b10580b2c800,463,37.41193639945946,87.97627273354138
ec34de99-d9e3-4d92-b77f-d596bc9a4016,jkdw,91.55115862196487,15.845708990933815
ac11aa35-8382-4df8-9412-78d5e7a1daaf,rfcZ,6.280018371053641,57.413427183021405
3873258f-c565-4de4-bc0e-564c41ee981b,472,12.01854006895654,74.77700995702897
86f55982-6219-4878-aad3-67394ad63f4a,ndup,5.546784918715863,45.08275667820778
a0937cce-c167-441a-a112-51ae8b443fbc,pAvo,22.293682973741657,0.7291164909626446
96ccd33e-55f4-416c-a228-2e925ace6739,422,38.04735206499809,31.34691894544337
49056f63-acd9-47ab-a920-878ee0ae32e4,ebdy,12.33981550982871,63.98127035010802
97baa6ca-d25e-4476-aa2b-db4c8f1d57cb,xjtk,6.391925075563032,79.57063749541699
bdc8172f-eedd-491e-9ffa-1e9dd8a27f92,46,14.44895630067049,54.020145675803874
42cb9054-d723-41d8-a844-12d03acf4a7e,516,26.648456803854717,97.4559001282784
5a66f8ce-5144-4081-8643-46fb1eeba9f0,989,39.46857255662992,34.33332982936893
a4eccfa1-6579-4d05-bae7-c3571ff9ef43,uirh,14.519989878339713,79.67342763064968
a0377853-77ad-4e61-a238-5635af56506d,205,40.19910794703774,14.158188276943829
11e5464a-f255-4f2f-93b7-a8978ee44864,303,75.70190795100315,92.28692718840452
29dfb737-2665-4c9f-a272-f47214b1ca7d,739,93.47459819592036,11.753359921076632
946073b8-ea83-4f70-b0e5-dd9e5c1a3a53,551,66.86155489099272,87.7943612801442
d62b66ae-d676-4e08-bfa2-7b493df6a15a,xzVp,28.06075653385336,37.39560281688632
99dc757a-9df1-4323-aa8d-e52d8f2912e0,972,99.73381642682084,64.23990125378334
46e08b16-0cfd-4ac3-85cb-df9683dccafd,29,40.36231149051033,18.976130477517984
60af7214-3f5c-45e8-bc2f-e4fa4a9df8d3,76,93.87928572134746,11.779490454254194
2d9f3f9a-7caf-445c-8f2b-a1be8ff1d023,255,97.83950042946978,30.393445742701573
656e7287-156c-48c2-bd63-fb95b2045615,ceok,46.42311309663872,11.442724945487903
319c6d2c-49ba-4414-9f6b-4ab7a5298926,842,87.0599718824464,24.10451629857999
a4dbe55d-5cab-464c-87be-9c0ad2055d1a,473,95.5905929572255,93.10500876588162
1be6579e-10f8-4d53-8123-de9ec420dd39,78,61.420285348527294,91.5721235605238
1da59b56-1128-4eb5-af20-2fd7b31b0709,669,28.40712360342413,12.330099771566472
b02c83de-9816-4216-b62e-10974704435f,qawo,74.35719630991838,69.14246687571764
77aa3ab7-296f-4c5c-bd2d-2db648170c0a,356,0.9227176899581968,52.31100388386858
308b6ada-66d3-4a5c-8d11-8aad9b892c79,209,51.04847638703893,81.10719654412318
603eab8f-02bc-407a-b552-7390ac052600,765,19.60786130076137,6.820376367234527
c38f31e5-404c-4b57-855d-daf7da105247,yplg,72.7707035819439,72.75811213354106
109322bd-cb39-4cc1-acc1-0911c9037fee,907,37.58220494694163,37.15418563327285
12c0fe5c-50c4-4e6d-a3a8-12d8a01f230e,10,54.13422319955812,93.37065840392272
7c058f56-403e-423c-b20e-97970664e9a2,174,94.53896718526772,38.78144711214715
66154106-6892-49be-b1fa-c2deea92e2c1,880,1.2578720673594002,80.45646553845528
8f4b7fd2-bc14-46bd-ad86-873e67b003d9,208,31.52954023864412,73.99576256655344
4be4ff7e-3245-4551-8dcb-72ce665eefb5,480,20.847163173860984,18.760874191855248
52fbd74c-acb3-4fa3-bacd-a38294eb9350,458,74.61274883789719,2.6398875247755416
4b4f99ba-a5ed-4a7d-b925-4059a0f1c2fe,519,72.26622301572323,2.9654761096659654
1ce23bf1-9512-4b72-9821-3fd48e7c858c,205,25.550719716859938,43.92413198648626
ff5893cf-c03f-42f6-92b6-27905ecfef37,457,17.211607731644087,16.53896351952284
e7b456fb-7ce3-4a1a-9a22-9ae8d6d8e3e0,697,34.244220357527354,75.69206047095183
e3719520-3c0c-42ad-a03c-0f94fc1e6f9b,79,91.57879286779972,40.9057874845857
b4dc8c62-3ac5-4fda-96e3-6a76c7a06554,zkmQ,34.62934848413287,72.02879665256845
1968e57b-55ce-4306-9db1-dacda86a2a02,620,55.50127958613496,55.40485700021346
da88c169-87bd-4efc-8c1c-5a2eb3491379,bjyn,9.153743756964616,69.5761636203992
4ed5773b-50da-4370-b4da-155b2b18f737,643,68.33862756700906,68.09953902534134
30ca8096-5a49-4040-81a2-e2f55d9ef0b9,418,33.434014678852186,55.16667944741114
a7c3d93f-e5ce-463d-9c65-b2e67b408a48,781,23.18703043137456,4.237927937942432
953be926-334d-4d59-8b04-50b01c515d49,259,10.310360481190283,25.00364886157587
8a220268-b9b3-4710-862e-adbb96e27eda,Bsmv,23.39670160332714,75.54820998476923
b226c48d-f4af-49b2-977b-8fdaf24c87ce,125,56.2007941386678,27.852320715730585
aa15f4db-a01a-4132-b61d-604c8d5060a1,26,98.86229444237668,18.098042252752013
be8117f7-a440-4ce1-a1e2-0bc81af0b6c3,530,53.61509680956411,95.38563455416468
e39d9e3b-56e0-4008-8a02-9ff5d38ea89b,imjq,23.700337705553626,63.673393075562124
c6569152-d197-46f7-8e24-c56f9b2f1228,92,92.10165643510618,22.714167743330314
0db5dff6-5ffd-4bc4-b3a2-9b6a8e681c6c,jzJc,80.94539683118485,7.878376460950253
6b9564db-e11f-49f2-abd5-dc1b08af77fa,479,97.56745362910812,97.18622516844655
a9efcac6-7cb1-41a5-9b93-83e333c3c75c,48,88.15329791208131,71.27220202801968
8c03d3f7-c89c-464c-b362-42898667112f,178,17.21339794205965,60.94130765455935
420383f6-655b-4e6c-98d4-cfeab06ddb26,423,15.432185458955294,2.486812133537797
aa60e988-35da-48b3-a5b0-bb4b988fa373,962,19.75365557707218,10.88894073599892
7f9ea96f-83f4-4311-a6c9-0b27edeb0c04,25,32.0831222918204,9.664683610812762
6dd169c2-0e07-448d-ac23-6aaf0fc1fcc2,673,49.5008881034263,77.31913746323791
c2d54459-d6e4-4847-9211-793c30052e7f,340,85.47482602966058,1.7346221512021365
83279e72-23d0-4af2-87b0-1ec76e79fcb9,97,7.2988261763446305,75.86535469890939
f88ffb34-55ed-4f2e-b23f-71190c1511ec,795,85.86656389666182,6.523679091708734
9c8d9e59-3811-4c28-93f0-e311d806a64c,618,7.830781950026877,6.781612096193534
870d83c2-6595-4ca1-b76b-f4b7e1574837,509,31.901466363408503,76.83706559387633
a720c2e2-dbc2-419d-add7-06f833f17f1c,36,74.16384958390275,57.75285540475596
11771c47-c379-471c-a669-8f8193b6fa58,675,69.26869206832407,52.00054854762123
63c6138e-34f3-4c70-880a-44f33335eff2,337,85.10303010402774,62.62502775583574
631c984e-5831-47a0-b257-0dfa6e845a6e,Gbxn,78.9646456632868,91.91482415193968
ba6883ab-17ec-4d46-b153-e5f37cc7b821,282,80.36756809352842,8.693462082867553
ae0493f1-c688-4dce-98c3-40fd68392397,775,28.3667967419838,20.206851455775578
73d27914-06aa-47a8-a330-5e10e778761c,691,89.23107000242486,41.973026467543015
213778cd-536c-4a08-93a4-4040f9916eb7,823,89.81637498646212,92.21712767782051
48660c62-a15d-4ed1-92be-a5ffb99ffd46,479,2.325887354334477,77.92597206207729
82c0ea35-de4d-4243-b099-32ce48427060,812,80.9329847651028,56.75914006802436
d5c7df0c-b8ed-4427-ad26-efceabba1727,968,74.48291290031351,18.22556142075033
fbe8158b-0e0a-456e-953b-729cf4af1e89,pxus,83.87377464299293,47.57508611670415
82d804c2-f6ed-4fa5-be93-2baa20806ab7,278,69.17013016285928,37.021636083122864
528dd9fe-bf96-45e1-9379-0b1df0d259be,553,5.245600557967,72.21592473285651
3c57bd47-6108-4fda-9d1f-2a2d28fa5576,452,82.52517630588582,31.23648697521532
570fced0-4676-48c5-86da-7dc3206be13f,654,2.7705451238438594,84.78931878889439
b98d0103-a88e-478a-aafd-84de0883d1d5,825,11.13269399285004,83.64470803829339
44a0b8e0-e023-4b1b-9eef-c3dcc2e0198d,480,25.10938249800341,67.90585687576659
abe3a54e-e2e5-4930-9c7b-594e5279eec1,lwib,88.55254286992877,6.49608436975575
d9aed267-cafd-4604-9a47-a0f0a233866b,777,82.65101205575964,23.84940037943346
f63846f3-64b3-43a9-b781-efcb0f94413c,439,49.91083099272687,42.92104416660882
fecef5cc-c0ee-4043-9ddd-fd31e7096f4e,232,91.0354724628418,45.9035226781388
aabe39ad-aad0-427f-9b26-d828712b5bdd,50,75.27029045358601,24.30023851290813
5c22c5c0-16cf-4225-96ba-bced471e0732,ckna,24.35385983277247,31.787989831595564
69006001-bd4d-40e4-b2fb-9135eb5c389f,aphm,31.990757173905305,39.23059315937663
150f421b-5228-45a8-9b07-5dc72eb19c10,984,76.1746164614827,8.768585155608832
929c9231-8c98-4632-a314-a6a41c65cf83,639,78.50465655169096,86.53835225515624
af90e67f-fa2e-4a0b-832b-8c7309d148fd,241,88.35476053192421,47.60374834880733
ec1faefe-58fb-4ee0-a574-dd82f0ac5d13,784,77.44160179342958,0.6622480161957545
bc5f321a-f4eb-4d63-a802-97056ed45acf,736,66.39941398325404,14.94737947573388
8ee3fb81-6388-4b51-ad3d-2e408cd2bb33,774,58.692848814816486,75.42491588844837
bca7286d-e77e-4754-b3a2-c44cb55cd02b,uwgx,83.71005083139856,49.51673885958553
2f7ea53a-7bc4-4f43-89e1-328dca41a237,466,35.06481529175575,38.608038587874205
2e9bc6cd-87df-4a1d-977b-e0cd0ec5eddf,822,54.44236274043023,18.01394061161814
f2288a37-5727-42ab-a068-15d9b198f8c2,955,89.05608859334718,60.45152642093664
d8f24068-2db1-4551-99d8-0e2e623d79aa,439,70.28157331159726,27.44283692512681
ec151736-0c64-4b95-80f2-7f452ef0d835,atdk,81.14941592454436,33.75080557531069
280c5adf-6560-4e6a-9e4a-bdeaeb802516,774,3.6715078649460775,13.764813826672585
cf29d4c6-156f-4b28-af39-6c7f0f6aea19,425,50.057112630578274,5.003572929177036
b6dd3e9f-747d-47d0-a047-159e2c913e35,414,51.573282053257294,88.8994719861357
45e292b9-95db-4712-b8ad-96254cf2fc43,551,20.89614976447156,93.82118724442164
e21a589d-e118-4922-b2b2-34db1f4f8f22,860,29.08202895483938,68.9807431014172
9c42bdae-4bcc-4059-a71f-c6ef03b61aea,37,10.23264293652938,47.88740876932162
fe7303e4-2aab-4a4b-a065-7246dd749c36,275,47.62451970156067,74.84369376249184
44502071-2ef7-48ff-860f-685d60b63543,olmn,50.7759231803661,77.4214981686079
b1ef0f15-cac1-4fae-9ced-75ff5340cabd,724,69.2322158444902,39.82462805738074
71468721-d9f9-4c79-a566-d6a8ec51957e,eyqn,27.970000975284936,97.84570117745852
219a5699-6b34-4251-a817-eb696930662e,51,30.273418271087127,11.14354998150958
0db1c272-a090-4115-8aea-439ec96765ab,131,36.70060982806109,60.34968108031963
916b99a5-8457-419a-a4f6-4282c24481d7,ex,40.09820382876126,7.89342597560948
c9ccaa2a-8f92-448a-a8cb-edf7d8797f7d,584,78.27598544781269,22.045757488834084
42c15329-cca3-4d9d-862f-03cf822d0828,71,20.23209070046733,59.27294036351637
ea55862f-54ef-4d7e-aadf-81390720ae25,905,0.3855803961935855,19.22519892277221
d5c541af-a395-451a-a62a-2d243448874f,70,63.05722680620338,91.47507067988634
8d503cc8-afee-43ff-95ed-2687beb3aeac,215,42.82442084494543,22.803421922348875
e628f2af-e06d-4472-a9a3-87372f4370da,Soty,59.44472284555285,30.883861181492374
e88f7d35-eb90-4d1a-a835-d610e984ab95,651,30.732706787877184,26.323125776708856
52620c3c-4291-442f-9896-01132f835768,430,27.585598751387757,40.64155252119593
dde4e6c6-3a1e-4bb3-b2b3-ae11993f289f,uygx,97.46328132699288,62.41218268781441
937f457d-8cbe-43bb-89f5-ba6f0954efa1,441,96.74368652087752,27.534303000247217
237b088f-4539-4c2c-969f-4b15cf2a2cd3,715,43.57383298005513,91.43403609680468
c526611e-f2bb-4e1c-bbbc-44cf605c62db,117,95.77709216988488,49.34819799859945
fe345009-37ba-4934-9831-617dca698a67,816,78.21892266124941,30.88475270366868
2b87d133-0803-4aa1-977f-2875cd3de598,676,63.45791543928381,54.5497988711895
6d3b4b83-ea1a-42b1-8d07-05cde9d2deaa,585,45.56179412778878,7.600469919373243
5dace84d-342e-42b3-9914-d676f37be4a0,877,11.53079930836106,94.28779448955282
6e158d63-aa53-4771-bc47-edef2d28d700,145,41.54791720537013,58.40819921302677
ac7b02ce-39cd-4b33-a07c-3fe5b5e1f657,wajo,77.00076581146234,27.067248052188063
e47c49b0-b4e8-48cd-8c48-c0f91f63a32c,azvb,30.19867942110932,75.47243345482383
f2c2def8-fc8a-4084-8eb2-d4fa47e88c55,740,21.06965185792059,88.47444921261922
0ee21935-067e-4932-acbe-eb0f3f65de32,376,78.47235181083317,60.63519656736302
c153ab5f-912a-4800-87b7-7c32188664dc,888,13.84911773206835,5.71227679843701
ec491f96-7aaa-43d3-8651-7f13ffb0c7a7,672,98.62906736377994,51.26400211983376
cafd15e2-79b2-4e00-8ac9-bbf72cb3b224,386,21.840080204190937,74.00770137694177
a538a295-93ee-4a43-8b96-4a9c196e3b94,666,46.58292034441301,56.89922251696705
a1a3b5bb-f73f-4ee7-925e-d4e39464bdeb,394,27.602055667751834,5.313249321460489
c2ba670e-2cf9-4a49-87c1-4aed9856b53d,750,83.21572110308145,30.196802831530857
175f79e2-cec8-46cc-8bdd-b382fd66bbfd,362,16.159897374621558,44.071715150637736
61087d0d-7b88-4e91-bc29-ce4ca51795ae,551,95.09822380604808,11.508611306220818
be6a3bfb-4790-4f2f-a034-0c2b8949f404,775,29.71263054795459,86.05112713856826
121cef9f-cfad-4baa-9b28-e320da60fded,868,74.55794207488971,29.70127601184948
fc2fa292-2963-4333-b092-aadae269b4eb,941,22.934681964476777,89.03043094942532
4f7ae42f-d73c-4b39-bd0c-f11210a06bf2,ewyu,45.44402002491413,35.14988455731317
a742c204-acc6-43e4-ac4d-5864ea99481c,144,15.666237498497235,5.5919741451370015
ac58ec70-3dcf-4329-a633-ef71fd74df2f,214,17.468566696306976,37.58587645237499
07830094-ca89-49f6-bccb-8632414c74aa,rhxa,82.27099354603938,40.59141402078141
4d8bf973-dc35-40e4-aec9-d637408ad481,464,51.845691260853485,75.58857945902791
5f177abb-1e9c-47c7-960b-1d51cbef510f,514,34.149912384664006,59.7384162533553
f0d50cf6-65c2-4222-b11f-3cb01c1a04af,945,13.349694622213024,45.73273836252751
344febf7-29f0-4780-9b64-a958d52338e6,226,73.50321476050928,89.21595639035424
8d0ac214-e5bd-493c-a992-ca52e0033b00,191,31.763236935682603,96.1111165929668
4b631c4a-57ce-48ff-92b7-731e517fbc7a,695,73.15522474039908,10.428043064350687
effa08b2-efae-4111-98d0-337bf572a0e5,Zcvd,95.86026875504204,18.955487386219428
99959373-4fae-4ed4-9cdc-fbe9c8468998,noeu,39.81915997262448,44.80424890923371
1d0b11d6-63bc-499b-bf25-7e712f105370,479,54.667185116400354,60.14608586308725
2b26e5f2-94ab-422f-a97f-7ae853bd7e60,483,49.69157386565828,20.23746597280267
1aab052d-1927-4b27-909a-0badb5c1b62a,258,4.6086049622028336,31.485348970597027
e39de452-4b9c-4bb3-a717-1d6bbfdc2262,419,64.5749887541865,23.831885619463375
e72357f3-ce79-46fc-97aa-7311e3f9f935,143,47.60302025135007,13.128721999731251
31ff0944-a438-48d4-a2dc-5b8d70950f96,jixu,82.76763650660033,30.653864915324103
fb400acd-ed5c-44ee-ab97-351ab50ce1f4,804,81.89294322373058,77.89907121379544
e99be3ce-c707-470a-b73a-cd1d9606557d,276,85.56179718296671,77.50164405916449
18b132a5-e297-44de-9fdb-26a9e191882d,856,57.88635815609329,45.65718161225024
968868ed-0c8d-4855-870d-38014f4e1c3e,544,55.74645299712655,81.8115696345314
dad0a172-adde-461a-a10c-e5600c6172a5,434,67.69632337174606,79.6193163262076
55067f68-ce01-4dfd-ae87-2249ebc3ffd2,258,37.14141453666181,58.71799364882278
05fa96b2-21dc-4bb0-a55f-28cc47c0069f,369,41.86508714196121,67.66564843235894
ec5cb062-7734-44b3-8584-9bf18c54ecdc,970,82.09231300667442,14.797073782543634
0052feb8-5a99-4c3a-b00e-aed710e12c4b,561,21.906127072654304,63.31391374191414
6ccd35ec-3891-4a2b-afcd-5be6df798e14,diaf,50.95059287329976,73.26026787307944
795c8350-28c4-44e2-97f1-c82732c9642e,84,85.88050858466485,70.41596610588411
57c1dc68-8c2b-4cd9-bc8f-3391878099af,537,33.717303021337294,95.17839675318083
eecaa45d-4732-4c3a-a9e0-94eb414ffab9,604,55.28099709283644,10.634028269947738
bf43a8ea-2279-4ea7-8f24-a820ea9798b5,127,56.78437633029405,68.92136157683838
8fac995a-f274-4aee-903e-8427db6f5a4b,229,7.542912083980912,93.92966282839912
3d5244a8-0bff-4d48-887e-fa68bc41af79,22,35.416799858405426,80.44134832104916
adc89bcc-a824-4fd2-afdf-3833a1838f10,573,16.663038001156128,2.1925682851683503
c85b296f-eaca-4586-9bf2-78e2bd0a8c99,xpaq,81.82774899975121,20.971043124044662
df15d355-f885-4024-bada-5dcf93cf57a9,227,78.65919372419185,56.74424948301483
195bdbf2-7ae0-4b60-aca4-6ea38ab162c6,327,16.500248806839014,92.06168512017828
8b052b3a-ba06-460e-b024-674d3a1ee438,iQdx,42.014881651006334,24.15302442725905
c5d8cbff-73e8-4ea4-b0be-88f01a791656,540,20.204038334870724,2.700404191501537
0a75c8d5-99e1-4fa9-884f-bcd46e31dc48,ywmo,92.99560775946566,14.584304255484035
6efd590f-2caa-43da-9180-91dddfd3ae7e,43,9.867644905443818,12.21442205689982
9a00e393-c99b-4ad8-b3d5-c64624c3cb5b,230,2.410504947462233,5.69406971128611
604b2553-c807-48d6-beac-bff484f0ac09,ltag,30.0833414796843,61.41446115691548
30bf204f-becd-4c85-812c-c387b69abd1d,Plca,54.532968392409686,83.05728297597663
60712247-3099-4a02-b813-0dba942d00e2,890,88.29646515009955,15.652955573821435
17a8b1f6-307a-4329-b16a-255bbbd105a1,mcbc,50.934104092057375,65.5546107616779
c7534400-7073-4564-a7f3-dc4e3c7f6254,dnvQ,82.7431724665771,49.15973150593641
c1992ba1-f44d-47e1-8fd5-6634ff08acf3,574,57.61080765826348,64.89166974499628
622f912e-6a0d-4321-9464-cb294172725d,777,27.254338171809223,41.172591266654656
edafb391-fffd-4c5c-bfe3-c3791841b52f,779,63.08791762290005,2.208607632388637
2a0be4c9-8e7d-4581-bbc3-007e03cdc677,791,66.85486977215702,84.35018175298681
dfc4b771-2b92-4b37-9680-104113d27b2e,VdRq,75.93803820860168,15.874815476197536
927307ef-fd72-47f8-98e9-741a8b981332,323,6.86217765919327,49.558187455290096
bd8d8304-39e8-4677-8b76-92c7ed96a302,512,22.17590906042902,3.552759112665016
cbac1c7f-c701-4cf4-85a8-3bc8e1a514ba,744,37.248491524332685,88.2949163558979
d839260c-2a29-4d2b-82f6-e4d0ed3b7c4b,949,78.91228328683387,54.865676910028746
c1e09b92-52f1-47d4-879b-2503372b4a7e,291,33.45147264772336,11.952500379146969
619650f0-ca4e-4185-a357-325090242863,754,70.08373197135,9.179318169071816
9c0374a4-fbe2-451e-bd6c-4c1ccb0ffeef,527,26.065714542142405,54.30764065520993
296bf1c0-1e9d-4bfc-a4c5-3e165d676206,779,26.3506752512076,77.79277305079032
54b6940a-ba58-4b8e-964a-2837460089ce,537,85.40833247634329,40.32731913041767
7c89f766-291c-4a8f-b830-7f3e56c6b613,48,56.39150063706906,76.10424783507
31d892fb-9cd9-44ad-b9c2-a8299df433ac,mf,79.25473670904482,24.163287524227208
6b070245-dc0d-4438-82b6-02e027322a5a,741,77.43423654633119,64.52896271243318
c90e7fc9-da08-4653-83df-30e31b6cec22,297,19.704966706506944,65.0674059660741
aa3b22d4-3d3f-462d-802f-b8df0e354284,577,1.1156149706869956,41.89508177513404
1268d75e-e29e-4d71-aae1-1e646cf88ff7,127,87.74789070155543,42.74238073339394
8fe9c7e6-ff64-4036-af60-5674794dae02,191,47.02647400011977,31.65484857350169
8ba01d79-b644-461c-b2eb-af8801fca71a,699,88.21411079436908,65.00090148590732
48c62f9e-749a-4b79-8149-8e23b68707d9,53,8.030827059555989,65.11944533096784
544f5355-dd0e-4b0b-9d5d-7373ce5d1798,825,30.5048860364317,43.98193902790537
f18731fe-63ca-47f9-b49e-3514864e9464,499,91.5762299452772,90.66680701406594
da4dd4f9-369d-4b19-a3f1-77bdd5866b5d,429,93.00394066924,84.69215029619913
fb7f1c59-9b92-497a-8e41-f41a8668df15,90,68.28333257226744,7.871857353686629
bac31f6d-a2f2-4487-a9d6-8cb54bfb7ba8,415,38.89269657248513,11.728640451157911
e8f1bda2-9863-4f2f-98de-aa2295c7f597,110,76.805034131421,90.82179844674408
f7558b42-8471-4b65-a08b-92d0ea8cc031,opbt,77.60901224600794,39.55277058511347
f1b4ee48-6c55-49bd-bf95-7957c7f36989,175,54.60820202357868,42.08477307357549
60b81358-006c-4c58-9c3c-f3a9aadad0a2,477,33.45508626224406,33.14251317851608
3ce34f4c-72c1-47fd-94f9-4e6eb1eabaf5,auja,53.58652867958611,4.25049633204615
86cd6533-de78-4fa6-b6d7-195a2b77eeca,86,5.953074295647776,75.57860204629108
fd120d3a-21fe-46f7-ba49-ff834a1b58b4,228,26.61074459172378,94.5675857822156
4973b618-6551-426c-8619-ede78382543c,FRhg,30.31065987314967,99.58471070670832
5e8f4a7c-bd0f-46ca-8d4d-31223b36c203,267,37.62623761523294,38.806278252995206
0daaee69-f74b-4318-b7a1-81ff1478a80d,190,1.7740789129360612,95.76426715097683
798d79eb-7e04-4ac6-9f8b-580472c4b7f3,649,67.40860532054786,56.64647232091025
891b58d8-a1f2-4c6d-84f7-fb5c7b86bc84,lbyo,47.20940169347006,32.43041925726536
76e84070-2d32-4444-8d78-110fc846bddb,304,48.89937377206031,80.80676806280249
671b67af-476f-4302-8e45-1d2ab7e09808,816,69.93244756382781,74.10447468488445
888fee33-5cbe-40f8-95a7-4bcc37f12eeb,szrb,78.91571593740417,42.07023755482163
4ce1f5aa-0dba-4562-8461-0fb0d9d07263,fbke,83.92978698742586,76.21429992186052
4897bda3-4e30-46d5-8911-d001d4b3af8d,866,8.873528331933223,42.89322215943125
4ca05b00-a642-427f-a160-9064713d08d7,krbi,23.615200701037708,12.946434728906151
a620c45f-174e-4663-9542-af60b5696aeb,558,51.35682069863001,98.26179134343889
785217dc-b739-46fa-af75-3480d5867004,736,45.30601198122727,53.90136566104231
df255d3d-8329-4ba2-9943-dc8954c62fe3,crrg,5.111661822764335,41.12676266087875
70e2ecab-3b88-4649-a4f0-fbbb8aff3373,565,43.57864778344987,35.51767192308445
3e5ab5b6-a77e-417a-9a4b-30d57e13cefa,709,90.31699524181332,44.84050046394648
c42f9d99-7764-4a7c-8f8e-8ad6c07e736a,712,47.001282206447,42.35435953840758
ed6d6e17-82d0-4957-9fbe-1c1b4e6b3b74,696,80.11228024224995,79.9214218583327
c5fbbe57-b4b5-4a16-94b4-26fddb16be0b,455,51.05330387942964,76.05614289521746
bbeb2d94-1fce-4a66-bd8c-8cfce12aa0e4,fpDc,87.61779384470677,23.23519977151789
e008d663-361e-4a79-bfa4-7d53fe30ded9,sdcv,82.07115144174007,76.77488340286676
dd17fb8a-726f-42d9-a221-bb746806da0a,gqiS,95.82419303427396,5.875426943317441
e2243b80-9b1b-4b8c-a502-e0c036e0e1a0,498,51.55943483604444,31.821462627459997
f18321cc-2a62-4848-9fbd-982e92796361,641,64.53343427586044,6.10431956495977
4fca4387-8415-40c9-9205-01e32bbe3095,400,13.094388257146347,99.09730717171934
6dc271c9-f228-4a59-be5e-9375f828fc6e,237,84.42838856072675,41.16462098257183
458196ea-2455-4307-a28d-b97a5e253ee7,10,31.39006683358897,90.27949308813882
c313f2d8-1d57-42d1-aaa2-bade9475b07f,912,27.83878206617658,81.35042199814549
b1150de4-5b7e-4458-82d2-1796c2ffc9e6,544,88.66988251909068,93.18529112622336
aead6428-e9fc-4fe3-b44a-3feb9184da2a,748,43.52775514803107,75.60303380429802
f4c3f500-8673-4a11-9fea-8c5a798d99de,929,76.54178310188956,31.856678355032894
b5046d00-4e3e-48df-b7f3-97e27a9dd3d9,532,17.877334392468235,36.28103319677653
7ce2e3d6-9814-4b64-9539-f809246defde,966,68.82743264403992,92.32020106171775
49e421b8-27c8-4de4-8abb-658262620f70,683,22.092893213848296,92.37978887725438
3fe75fc6-6cff-4da4-8195-a66de12888fc,fldp,27.647801829242,98.92271856139992
25b95896-b23c-4718-bab7-ede8b8c8b019,632,68.19810191222487,11.236419596117898
4e504cb1-8ade-4c22-b190-a41c8ebb13c5,260,19.2787678554067,55.22478349770522
84a6b293-5293-40b3-8450-c357f632bfb9,878,57.63816438672169,98.84239862379373
97795feb-4297-4262-adff-a4b9cec4958c,432,62.82406034724048,1.6558388254814704
154788fd-b978-452e-9517-a7c3c2da6814,xlwi,27.07477880136404,39.49154377756492
f9fbed7d-ada1-427d-b431-43f3395335f2,702,3.23890022406369,95.740428512132
d814bc23-d4b3-4075-9f6e-9f1d91dca85f,495,15.25027549361615,16.553108279211624
f82a8980-110f-4c8f-9eed-6fd36498dedf,475,15.720319522749504,68.54632333552539
dd10bc1d-d1a0-4112-9c0e-752bea2ce6a9,qgFi,54.05388127312435,37.07476822431861
e0d95018-2a1c-43c0-9180-b7ea88335467,805,11.980147806933385,52.68202047503582
d0650632-f6da-4dd1-b9c0-f1b92b3b1f75,837,31.18277645465627,57.77529148121554
b3db7d89-f3f8-4815-8e39-950591cdc2e6,973,2.6662634686050457,27.5590936253827
c049d8d2-b059-448c-8c5d-b66f7ceeed9c,Jzlx,94.8243499641051,54.28753546683498
1ea4c36c-7d5d-44ec-b532-131e97eb9d19,mZmq,26.370122366374737,52.38836525757991
5e1f7d2c-0dcc-4ffe-b1a7-120eb52b9b35,gjts,17.08690792537826,48.61464730831874
e72925c5-e4e0-4e88-b988-10ddf4da9fea,777,62.1954511396185,87.8893358338024
4eaa916a-4fa5-42b9-ac3b-be8e19451cc9,438,46.34851957166681,72.44986021702154
25dd0db6-3a2e-48bc-809f-13491cb8dd2e,ygkw,83.21331592016423,80.33508818433887
d06d948d-9ee9-4abc-b386-18756ebdb893,679,62.60553802183669,90.8592534588228
8ce5c221-049d-4bd1-838c-bd88e9839ccc,ccef,78.31013161584069,6.566665665547178
8dd3def7-7cad-4b65-802b-b1d0b88c4b5c,lNlj,60.10143057260636,65.39513127135834
7471c1c2-5156-4a3f-b59c-04de59f873e3,536,45.23355463677861,78.72424690253114
d543c789-6f14-471c-8597-c2c704b98477,142,57.94095412997257,63.41789511320572
5690e8d7-004e-45bb-b9f3-3dec58ffdd29,641,62.82290032603234,48.933484274616056
7ca391db-fa38-44c5-bbd3-fff405eb34b9,724,64.00055251955592,62.74068624191842
3c13a32e-2526-44da-8358-e71e89afe710,fhew,68.91312626346564,73.3022636740702
1fff5447-fe97-4267-9e94-316d5b893a10,843,70.02602233423126,42.040570312638025
2235bd5a-f8a7-41b7-adf6-c17a0e6cb9bd,267,15.168834937974518,69.15207007734571
f521a9ca-8e90-4d18-806e-7239a5d4f534,234,93.2837547788354,2.2591468953725657
16e16550-0021-44af-b21e-fc0b338414b0,773,68.93206524400325,91.27669215394742
d7abdf1d-e566-4611-85e7-80224c787a96,709,83.69046502014214,39.9763356481095
30ec61c6-6057-4224-a9ff-3c3c7f6a075e,745,87.92298049123374,78.21918192382567
7935a570-6531-4fff-b545-72465409afbd,505,13.282699948913612,34.18682291488948
c11a4372-4b23-407e-883f-9d06bd337409,125,72.93948053131602,79.42129349176203
fa32a193-88c2-49e0-859e-032a6084014e,488,49.29919769373245,88.10062851966734
c2530295-7d28-4383-a0c2-414e0cb7c0d8,403,83.64051104161044,99.91838775370336
bdd53aac-89d1-4419-82d3-d76280742775,503,88.12005286928235,10.598449199099546
0dd0147c-fd55-426a-a21c-ba736f3ead4a,362,70.82613126941895,60.02227698083264
4fa21288-b988-4fcb-bd95-9989fd123482,346,22.8181649522378,96.71310342980831
1535fcbd-278e-415f-9634-604695b6ac7a,801,23.43946805144975,89.10449361745462
67702e69-b3ab-477e-819b-e6191027e666,825,35.10503474375825,44.22414354895848
9099540b-e215-4407-b741-ffc0d66daf0c,373,65.780438219366,29.167711586274336
0f96671e-c4ab-4d03-b0a6-252f1404203b,812,89.17388695777775,60.810343769799445
93035cf8-e1ff-42d0-8eff-3443dc3e029b,688,33.36673115595183,16.60753122096803
5e138f1e-5726-49e9-9abc-ea013a2bab97,rtzw,98.57700507916344,96.47163125502824
25212c12-754c-4153-8083-9b2d7d3b1970,367,68.00910171512051,56.07683818605504
19e46a2b-9ba1-4cf9-a08c-f3a0312d1842,776,75.66567321584321,15.230268172459038
33623348-6d08-4bac-b2f6-bbe93adf6f06,oceb,68.34473860008417,1.228771509284754
9f31cf2d-229f-4197-93ba-285e5c63aa6d,984,21.410471704397786,35.322480213540075
58ca3aa9-7c97-4107-97d2-85b5150be5e3,984,59.686412840919004,68.7077860281666
abc29f83-867f-468c-87c2-285d5ac9bb74,187,66.62216177753353,82.47528127165566
978f3e5a-aedb-41f5-bdf4-65ad0d8f05e6,691,66.12565327218704,43.79430837048229
fdacaedb-11b2-4147-a95d-92fb7d277000,243,78.23977307515527,61.341175219953456
2b67b955-cda2-4bcb-95c2-41c081ee5224,966,41.30387447411476,16.360594016503082
2f1232c7-fd77-4dd2-8c58-a17873faa30d,489,61.98202331279654,97.69421389445723
b562c9c1-f852-489e-aa19-b4bde0e65a53,283,77.68538102764744,47.10091699124863
f4683e0c-7ee3-499e-8b1b-e7a60fb1fd0f,748,79.04392508651667,88.5306521139925
ad23e1cf-a238-44d8-ba8c-26a36f4969e6,578,68.63978572134893,97.58326103130774
6dcf5f45-cba3-464e-abc6-ac5a527f0dda,922,53.94724597274529,16.65157213453051
c62a1f8f-c676-4e66-a490-ce93c0ea00a4,708,47.02522935106832,70.40306184506112
d3ab2f8c-bd63-498a-b85c-4d3cbe6941d4,AubC,90.06085342069234,67.00481781291572
bde3bca2-61c9-4981-b83b-d65e554ff53b,800,86.50429897429831,22.494156878977112
12d04d37-4c7f-48e9-9f16-c44666ea0b67,56,0.7047649755918206,13.429577475767008
0e71bd67-452d-417a-9dd2-40b00597e257,668,57.08071486404434,52.75582185707027
38666d02-263a-41c6-ac52-d3b1c315e0a7,751,0.4740340872647741,96.81409597874568
a9f2d3f9-684f-4434-9b04-283ad0ece8d2,170,35.33671389828494,58.098802868191214
d1a8efa2-c767-4dec-a503-97e71f9f5afb,259,34.24066495052702,37.37950639734032
a8273b91-1a41-4931-a4a6-e0796cd50d93,syht,1.9808490183368053,55.793180460699496
b18044d0-9ae9-4a0e-9b25-30a4e173782f,319,73.87881561086917,45.53981064961901
da31c537-2331-4f90-8c20-5c55322a79a6,80,57.19883578553642,31.865885823084994
faff3009-e4dc-4f6b-bc05-84d390b27e1e,923,92.66316640756511,94.80687867647728
1b511f8f-1946-4c93-85bb-105bf43d0b0e,478,27.56703837396407,19.307095454238933
2e0764e4-d4be-4723-9a7c-c443b76560b7,xgzs,23.760449715545185,47.84953411134861
fe2bab34-4506-4d8c-9e9b-1ebb896d0e79,633,57.58148406064792,78.8630901707074
1bbfd638-91e9-4b98-8796-f6d8c18e6ccb,33,30.74097606389262,26.961474132127307
dfb86fcb-f927-4758-bed1-293986013bfc,271,22.50317533286853,10.598376179754698
03062cc9-cdc9-4a96-811f-70bcb6434361,167,66.27338202471509,22.568699426976305
afd79c8b-b7c6-4488-a35a-dd28d2f3e5a9,bueo,9.406200564356649,91.0298391084242
ea43fd8e-9bc0-4fa4-a8ea-68a938fe612b,461,40.35056499425093,16.535249528565842
0f1b0c6d-6c3f-40cb-badc-bf566d867074,663,22.48966876106041,62.85448658820951
3183e0ac-a1cf-467d-a6de-b3071f5b41d1,190,10.983430786466808,86.3722391938343
a6ab12c1-95e3-4ca2-9f87-8d886d8f86bb,47,71.14555908987074,66.60053635428646
e87cb473-1c1c-4e1f-8abf-8900d7a60c20,812,58.42084342316591,41.489061591853904
778fd9da-2fa6-4a75-a8f4-c2a66ae8c5b7,339,59.08367947501194,61.055585190548015
f92523e8-8877-4e5b-9803-a42ede873ccd,wlyy,50.2134068035958,81.03457037823716
197f7725-8db7-473c-828b-ec1467d6b0b6,340,31.77219270789692,75.61296989508136
ab3c7f5e-d919-49b6-8392-72a8aef703c7,bvef,31.937266461199226,89.99299184342594
1ef73c9f-a597-46a7-8faf-158d020dd240,cqbh,88.34033080089034,68.62880406628688
c8edaefa-e89e-40cb-8ec5-0efb0561ffed,701,78.15572840741392,13.43560375404854
2b1dd3f1-9e17-47b8-aad9-4fe129bb4fa1,896,11.813694923736662,50.38392997377005
3eca4d94-8954-4338-b056-90c02c07cb04,391,72.938380997459,65.49677349585453
9dd88171-0495-4cac-882c-bd929546ba4c,341,14.724093809078475,5.484689101571405
5725cff9-f8b6-42ff-8923-ec266ef0cb3e,52,25.210234223909,93.31863128955357
832f2192-9aec-4542-999f-bcea14ba4c85,noid,22.56221263311882,89.84822251993504
ea891404-4093-4b91-b6bc-5c3ba8e4d42c,743,94.52009899940136,93.996805997965
b4b24f33-eaeb-4c17-b3ea-d50c080f64c9,936,76.04282923387854,19.61977264193313
5b30ed21-ba39-41ca-9752-a250c45cb369,276,95.30250444998694,43.91796830694052
f529b7d1-c456-4e7d-a9c1-990415ba966d,amcx,79.21672932297892,85.71313172960335
7df9b5dd-a4dd-4c12-9b1d-50f33b55d813,Bldw,13.96884309241272,82.33894254339481
d8f3b1b2-db2b-42e1-a7bf-219193c5667c,215,17.593724095619013,24.517040998417183
5f87e594-a6ef-4a03-8815-3ef288e5acad,388,81.84733905013199,50.62705976714995
193bc4f2-571e-414a-a3a3-7a867701228b,565,42.86182781387955,15.472389494107496
a17d1b0f-65bf-4adc-a366-24919cead604,155,44.06045338681231,19.88194905700568
c307a63b-18f9-41c5-95f9-0dd5600e546a,317,87.78283656049959,66.10543363195825
c240388e-6a27-4753-88dc-e7c5afc38dae,586,99.52435070454982,10.504018923273753
67bac26f-8caa-45a7-8cc7-2a3a1467fc7f,rXvj,99.91935629156428,22.20818728926181
4ae2d890-f685-40f2-ae72-ea1ce26da8d9,175,80.57074414817748,9.9070332607078
6f61c356-875b-4f3a-81db-467c8c006e07,847,8.64506731897421,2.0492573379254697
e70a2782-7817-4916-9281-2039bfda2f71,312,58.643946958458734,47.18268026110374
fd298cea-c7de-4d87-8827-d00f4d231cfc,pafb,21.342567789279787,91.2298923834001
94a40059-48ce-4dce-9941-c60f7b54234d,tsj,97.36811562898512,37.37518636917091
aaae2afd-35c1-47aa-b888-863ea856e14f,qxjn,4.981101167663349,6.3889904129316495
a6ab3246-ba0b-4689-b6ec-229188d00598,qkto,15.482630229811589,13.070232712954432
75efde55-b8ee-49a9-960e-802d6aed3385,806,63.92801014444021,44.01245909886833
5d0f3e20-1ed7-4828-859c-d13338c08f22,891,99.42620194835868,25.539121989313905
b7a8833e-93a8-4939-bf7d-3a5983120b29,500,62.29645758653676,0.6645934174997703
f8638b01-8e2e-4c17-a74f-8e97f5fdf3fe,774,52.39821269423128,51.23505529950367
b0f1928b-cfb1-4bd7-8df2-bf64ec18090e,gsyI,11.3162582454423,40.62648059572914
b07f9fe8-0a83-4c73-a5a5-146c4ab6383f,267,65.33106420862543,0.0217055179135727
ce572472-fd85-499b-9810-f16d7b6cd4aa,983,75.1054042115384,41.51051973108175
ac8b4377-b03f-46d6-b8f5-58a9076ebf84,975,18.442649406139022,13.335048403316218
7e64afb8-de5c-49a2-9ca8-f3f641ffa991,406,94.31179892738392,84.51604065959809
ea86167e-3271-4834-9ac4-fc6567530178,Edcu,17.764066849506456,78.80344986660258
5ecb7161-0d53-4a5d-9f11-368d697ef71b,yMtq,5.448648655721556,93.0515276708776
74d75ec8-7aef-4359-93e6-db08847e437f,630,93.96665638170862,34.26427382466203
0455b06b-fec4-4630-9d76-0e3b2d89e854,633,81.69092963142181,37.08437111098034
a550c6b8-249a-4311-a278-24837bc52c55,762,34.111932027457925,8.22344656463292
134e2af0-2045-44ab-acf7-9d394e6ab83a,295,9.913032344166018,78.69008118914786
fd0bbcba-314d-4c36-b684-8ef682626ba6,235,40.66622008725721,68.07628434900495
4e757c6c-1d83-46e4-b8f3-7b1abde7edef,907,6.357429029243145,75.06871199590555
65d5bf8c-44dc-4ea9-824f-f7ae6148b276,208,7.730066990500816,50.41775268180372
993849c7-79e1-4df5-98fa-937ae6afa73a,pdvc,46.96033151498635,72.47667717951501
ff42a70b-87e0-402f-816f-f15d4c5f5bbe,399,79.04388174978206,37.82742812274029
cc461e1d-1d88-4ec1-b955-d0e85f20fdcd,504,38.12122712149584,69.97278876221954
e21c6210-47f0-47b7-974f-fda7721c7c5e,642,3.7090010814283314,51.15111041815413
1844d98d-8b60-4d15-9f40-85e2f47febd6,hgsp,57.59800391939309,9.449360986202391
a03f98fc-5918-4f61-88ba-308a3bb0732a,713,2.140784858151834,92.4787736534465
951468e1-6d05-4196-b0ed-abef3e86da35,56,70.06550856486732,88.63042078850874
7dcd0b8d-e5c4-46b1-a4c3-ff778e634573,59,98.39582188925732,40.43965911819611
a5dff66a-8adb-4791-ac09-520dd328e8b9,659,72.61868135808433,63.04784755040603
d0714acd-3b3c-4c61-b33c-441914c424f6,jsuz,32.227863292948946,71.63153431689189
c7152e89-cc11-460f-a8e7-3fe2531ad310,807,60.09070988300604,99.28937282034924
872c9fea-adaa-434d-ade2-fbe3555b3555,cmfx,2.062998926276172,81.78195938279855
a39e1171-e46a-467e-9e24-9fc3245a09de,Tvcd,71.03746477230166,68.16722144040898
6b29b50c-0242-40f8-991a-b522bbea0ae9,743,25.84291008402996,2.0766526263588214
399042db-50fc-47f2-8339-f0e196ee4bd9,285,24.954974301610388,23.5589260699406
6026f351-fa5d-4a4a-ad40-25753617437d,657,55.47461607189705,14.607427732193887
eb2460f6-6203-40ca-90bb-b43c6331ae7f,593,52.08786329452535,34.37912496202402
031d737f-60be-4efa-a276-d6ae1f2a5b26,86,17.528008213232727,9.791021605843495
319d25c1-f3ac-4775-acbb-c1859536d86b,vqDt,59.91294345335248,81.74839271210554
1e30b52f-427c-4100-be0b-528e56b2d1c0,670,67.61128414225858,22.30536288200605
4cfe6d40-438a-4225-accc-95bce9341bd7,70,64.29603705330975,91.88253148361784
08516bce-0777-46b9-ba49-32533e0f1799,907,28.659435426468804,41.7370124392116
9d1fe2ef-1250-4e7b-82de-be83e568b279,145,8.396377128570409,6.772553781644786
d5c5e507-e7cc-4c4b-99b8-945745ea5a3f,993,17.169079034881428,2.0755078691981232
27ba86b1-e6f3-41ee-8657-c282e4b9cce8,720,41.38225067123293,65.1675233141643
f254ad68-fd11-47f9-9adb-5311e95f61a3,790,68.29208213183088,57.7783226076625
ff56febc-c18a-41f3-8491-e51b0edadb4f,972,42.35777237373682,24.90373224213449
8137b573-b08f-4063-83d0-0b0084289f94,76,28.697675546528888,35.31007113638076
2103678a-46bd-4d4f-a61d-5c2212dda9b9,pvly,78.83337408250514,36.70024547657287
82e1c973-6281-4bb4-8ee7-ad5199bcd391,318,25.53544774720563,72.49356686799473
d8028b0e-4bd1-425f-acc0-87073b643630,872,77.83355657782937,28.33789298318383
fdb29ed1-3c5e-4eba-85a0-97df40e983ea,883,64.33226324947667,95.021915485366
00fb894e-ab4c-49a5-829b-10823b5393b9,978,92.3410115793084,41.10050840195019
3a643169-2d0d-4926-8472-6335128c02f2,765,16.854918223328507,89.08697596580693
ad9c5dbf-e0cd-45da-8818-31192c77d255,428,61.32486521239549,54.17072208608468
20425412-0889-4b9c-92a8-088dd1093885,222,90.23880179334088,17.916772400328497
15904a02-501b-4b13-a405-ef32f904cbd8,76,2.7019938137085364,3.3140004911363707
2c31ae48-e239-4f0f-9a94-f4433cea4376,445,14.29900133621226,9.996135095672198
acafbb6a-15ea-45ae-9d31-08932a4b10ea,995,49.424956301987486,35.91518092452838
06b0353b-fdf6-42c5-919c-467fe4d40203,irvv,8.611072043133827,9.025062352175471
ed1c735f-9590-4bae-b552-dc355ea21b3f,423,34.94121600134746,44.912744018152765
397244fd-95cb-4975-97b8-7097343429bd,430,16.274001903663237,79.02722861724561
4b90c84a-cf42-4078-b830-550e7d22bc4e,389,5.989473270577284,89.74176636627355
9891e0c7-e66c-41a1-b610-812bf7598d98,672,61.55259124865837,50.5798917376703
9adfb39f-0208-427e-994e-1a71e2e98da7,609,40.41857360862515,47.868188534328205
d132e39b-dc65-49b7-ab31-2f3c570f12d2,967,11.776860772082154,7.787809540096879
cb1bb73c-0928-4292-9c2f-3f5f0d974311,612,20.705179060316,21.719790028756027
f7ff8a0f-44da-49fa-bf79-2240c742aa39,63,85.81746481502928,36.30397473295236
228060c4-fbd1-483b-b592-68ee05ce1176,926,48.73423249291334,71.38953364352983
3c6d40f4-f71a-47d7-90e8-d25ec611c5e0,424,3.829330057817293,47.30343635642436
e35bf851-ebf8-4096-9572-6809dca58a8c,297,36.50366571201317,33.31432917931517
09e5ceb7-5d29-4f0d-8479-ac5a956a2f22,495,20.901468139645264,22.014416747800468
6312fccb-4f7b-4597-9842-541b383bc03b,710,53.63893924698382,23.494917442268125
cd6430db-3968-47cd-a3eb-5c7e6d8bd718,g,60.42500044102789,11.349706538768867
49e3ee17-5d83-48e3-97db-b1fe1a7ddfb4,sbvf,56.17102542784285,75.34019064636288
cc94785d-c4ef-4cbc-80df-895747fe3ca8,450,98.75421044742453,29.00996393429004
5ae5cc57-c670-452b-8163-1e9bef41dffb,ktsR,81.47275936787749,41.34583756864789
2c1b5832-3821-46e1-9bdd-a787f184552c,141,84.4172619205586,81.76898934866338
fdf175fe-a76a-4be2-aec5-cff3d65d7867,347,5.254484212768817,54.33597450707676
ac7410f7-b9b1-4de3-95cd-409ead988e73,828,41.089927970539776,96.80908683958027
aac71f17-9902-4032-a5b1-4f133d567cf4,825,70.68762656945407,56.25167749097646
cd31b2cc-a40e-41ef-8e08-756d7a23dc68,713,35.84590119854354,96.0215152438163
adbed4f7-cc1a-45fb-85c8-384e5095dc3c,785,79.98565653874167,39.16012729442153
a4b13e47-13d5-4111-a2c4-13ec10ac208d,612,38.382853420434216,23.89562414842431
6b2c6d95-5313-4b8d-b3a9-81a75b401aae,895,10.76064202379632,11.28204810057153
0f026261-a8e7-46b5-b202-ee2c1fe42543,xxmm,1.1842792339050612,31.26055653419575
cb70fd84-d57b-472b-9fc2-b5035f5b7b20,yvav,69.89909010592159,95.4532666175013
0c77e7ae-210c-4e77-9ea8-0b6c5f43cc06,381,42.99560819291555,37.86806774931816
b1a7fa73-2acb-4656-9edb-db97f4385f4f,63,82.42042093233934,53.92403193482019
551785be-12ee-4eef-aa11-6e7a43c0b6cf,500,79.13288742650964,51.96667406380393
75b35875-c2e1-47cb-a82f-ea1e9a1df97b,401,22.88784470769989,6.904452497491375
3cbb606a-56c9-4ca6-a705-ad78e5af5141,903,18.446807215740524,41.22418487494143
ce9b4747-0ed5-4bb7-ba75-d888c7deb553,353,99.81612026273446,40.18221290381948
01b53ece-89ed-4682-be17-61ebac27a834,407,23.81918103015741,23.83354374116901
048305f9-bfb1-4ec7-9d9b-3d33108e56f5,670,97.63176071185048,9.562592972469409
e3b0c4dc-38b1-4c6d-9cd8-a7cf0a322205,287,62.99472229524911,54.58922425832148
0432ba96-6a4c-452d-a41f-eecc0eb91c7b,qgql,14.509193942736076,83.78367389066007
aec406b3-5810-4036-b993-ed5aa342a4f5,703,99.97092254752924,23.937960967425063
3f3a2611-ba25-4c33-8a29-39232036eb46,lgbm,65.18637193493483,7.812020911359574
b7ac109d-9f03-45d9-8ea2-01c3fbd85016,388,71.67115955572251,95.21632844888995
7afbd908-0f8f-466b-95a7-5d6d140f113e,836,11.147812929712252,69.75143407135202
f1494963-2703-45ac-a70e-8b92126d163d,424,2.458016994149226,40.04355791186399
5dd9f867-46ea-4dbf-bec0-5118ffdfe6a7,921,69.92855390343352,57.91736510889901
d7e8a9f4-7964-43fd-8b70-5c33b79334c2,544,21.540227762629417,1.5503501939560738
3de83c1b-4360-4ef1-b668-2f979f81637b,308,80.2142877755666,92.73806359420212
9958a60d-0c6e-48b0-8148-936d943a2a90,bRcf,41.080459825058405,18.829540334207827
4e3dac7c-4c27-4b4f-ab87-84d992dc7aa3,786,77.6094960753396,89.79234003408716
c2e738e6-d48d-48e5-893c-b07b7701b183,603,73.3396617712098,28.29713019437551
19aab78c-cfde-45cf-9803-0c61cf9b1ec6,293,66.74070653367016,40.4177655771725
db844a6f-21ce-4db9-8784-508ddb01e498,awLc,27.806091419835955,38.62848513039793
e76c8a43-f59b-446a-a9b6-a09fda952e2d,213,28.584657541666324,47.06267494629407
43f2f294-b8e0-47ed-8c7f-c6b496213bc7,5,33.121237101474875,51.230876170142025
510efee6-0f0d-40b6-ab14-630505e24297,543,11.515794292305326,34.49579478159609
a6598067-00e5-4c03-9761-379db6339e37,745,20.20756425428514,7.9602858910361345
ea0b9bf6-5c4b-4684-889f-01ba3d5cd17f,hbGh,24.68373811784269,87.468011568905
b3063476-be35-4814-9d6c-907fc6360edb,178,65.55646401248858,84.28543090134207
4e21ab51-4bd2-4eaf-a24d-332ee269b352,811,96.2163876616198,19.89026717695484
a7c02dfe-fc7d-49e6-a410-87813e83e35a,68,28.16095798301025,16.734538564980884
351bc44e-e6fd-4f51-b2b0-4c9e01f8aad2,ywcw,5.232383989641387,11.64877421309617
5bd992c3-1003-40dc-9f2a-bef9556b83ae,773,54.39932328375399,56.150266971942486
4c044dae-55ab-41c6-87f8-fa2986c49b59,528,62.18302233401061,45.03254645033165
20c8f1a6-ac65-4ac1-8dc3-c6f3e1c21ca7,814,88.45024508238485,6.680715716740715
eb9070af-b183-4df6-9fb6-0f1c855ce1ed,526,68.09776271580795,54.678294637374506
60d5758f-22aa-496d-b863-6b8ea753ad45,261,12.97949982837685,54.04046088379756
20d23d51-4ab3-4d80-a0be-fef926737055,254,9.616120285762952,81.67310800752003
11f132ec-645a-4f74-a764-3c9b1fb945ad,,6.175535144365096,27.12966743819518
68c66ee3-a9e5-4e38-8640-1d9f40e96a03,125,14.942950435155966,87.92242617457909
610dd84f-0453-4a7b-9cc5-5da9963b7df7,393,93.43835665114752,98.41565268686485
67fc61bf-935a-4365-9f5f-02b5cf2a6d38,767,24.593145682532796,79.9729947281508
1eddecb8-7ec0-499e-8ec8-f4e4f959a871,624,71.38693970994666,95.58584336644944
15bc33a2-2163-4703-ac20-00f69eab7617,502,95.79388193668494,86.59936039486044
351626c5-a44c-4cce-a781-3b947892d2ef,486,40.72069172216722,62.14070860388223
eded8967-a68b-4d18-ac52-6394a6673a64,217,92.64121814927093,71.77562779186782
17ed18b4-c112-436d-a089-fb560289c8a0,741,86.58767456105396,7.913605548636793
b04b3e53-c450-4479-8996-a42f8f0b62a2,879,57.58765414405492,53.74187671302393
05ba2472-0d83-4fdc-82b7-b475b06517c9,saiu,29.165736451125436,74.52044886369285
c40d523d-2832-4b06-9b4d-5c2a282c92b5,nbjh,60.14009909120743,81.75887807791989
5ef0b742-4b91-4dad-b4cb-deec1e076138,530,34.549937813914475,10.222080962345805
a622e5d2-fc20-465e-b1ff-d9de7b7c17ec,334,17.005240372761953,77.22205248004201
5b6a4a69-3d67-4888-8319-504e2bb40a0e,183,99.21291624344568,41.36426967461973
2e7768f0-5982-4297-843e-337ce2cdf5c9,336,6.42386836648372,2.2275446486090145
20f0f2c8-fb77-4041-93a1-19506aa2a58a,535,6.228819729647483,22.937705902058138
2bcac7d2-710b-4844-80ff-00314bd1b2d9,aend,23.87901231362928,9.71501625534067
c32bee3f-d882-466d-a11c-37d19e07f5bb,813,90.42240145255818,28.687907196529466
d1bd38b3-4d9d-403a-82c8-a57422909cb1,255,26.99604482442064,52.77277961087745
9631f7eb-b8b3-48f3-86e5-3425fa709c84,674,0.034652448405914,33.31606702799106
f1f802f6-5817-4e4d-bf58-f7ee92c779ec,243,97.53928361519922,60.31685562856994
7ce91432-f129-4373-b457-3d5bd961ed07,760,60.68857618379294,54.51976182911198
19bf190a-dee3-449a-b9f4-eff8a46e2513,oweh,32.433896209917435,52.24388276360127
a4f80ae8-ba8d-443e-ad5e-379187ac7e7e,745,78.35621140713764,98.33876878079086
8d0e75c1-ea00-4b4e-8b3d-ec586500c25e,ophd,8.582084529028155,33.368128037186594
9ae67bcf-14fc-4428-994b-4aba91bf1f0d,iqfX,87.66314026232027,46.96689473712379
99bf287e-e237-431a-8872-b510a24515c5,646,34.71504778840665,29.16232864550373
f9314069-4e06-48ab-afa1-54082d7efd79,800,56.53535359824574,68.7799998037011
3b4cf34a-558b-488a-a8b6-bf8e5a0aeb1d,judn,6.639682398996827,28.50924613803376
4759cd62-2b5a-44ea-9cc0-eac4d3bbe6df,ojoe,37.7024730748773,41.98740396750616
1ae4cc6e-19a3-4816-9e5e-75b8a00ee7ec,453,0.1311201199070022,6.453634332049285
d1ea3f7f-b653-4ef1-8504-5989eedc4b7f,177,98.64460085599302,15.851206317449371
f1af15de-46c2-4673-9634-684ee9c565b4,dkrk,53.46445317749016,39.71676957788771
160bd569-d46b-4137-8385-dd5916042cf8,844,90.03532292308253,17.427479681947123
cfa2b9e8-342a-47c9-8e05-0bbade86a135,zssn,1.295988210614285,13.279823742944965
63b3eee8-c6b0-4523-9624-b04ee4a7db55,404,27.97369424866432,56.502902038827486
e6edbbf5-1da8-4722-9240-d33086e8a94a,bcpk,54.84665928838399,99.77952769769412
11d684e8-0610-42db-a928-550630136bac,56,98.40639163924642,22.630328901589326
7d3a7bbf-5a6e-439e-a61a-191d9447c4e4,hpxp,60.59145938839167,11.17177498622832
ca45dc3f-ca5d-4c9b-a1ed-aa9e4a9ae491,766,98.16250716883664,66.77716638323481
4aebffe3-110d-4969-9c1e-388f8fd9439d,778,58.22158068043617,76.98726877088666
1133b767-b20b-428d-b2cd-cbd14ee18714,648,92.34270588231098,55.11553860608562
0209b4ee-3074-482e-a29f-db861bc48e4d,vccb,17.009854256255885,6.337322364036469
c40e4914-08b5-4888-8f88-d2a45ee23039,911,78.38684668820132,43.83034360636532
0c54b834-18f7-4be1-89e7-8a319e9cd6e1,143,66.10827572107483,48.63505723876301
31ca1186-c0b3-4033-b6aa-a71d3d8655c8,271,57.91015508135189,11.46553013049514
241568c7-7cfd-45c7-b371-f0f4bcc3e02d,47,30.013089100822288,45.7785782219441
1e5f36bb-cec0-44af-963a-64d2e4063fb9,901,84.50966864376504,66.37981308566498
d72a14c5-82e2-4939-afd5-93433166c0a3,331,29.55691949229209,38.84135983184218
09aa2025-cd09-4caa-927c-105b8dd32b81,755,41.09268680378016,84.00743320471756
18298a12-a9bf-4682-9a08-670bbc9b0241,hJde,62.5212752770704,60.01707842662953
01087537-0aa9-4cac-8142-b90769a1194b,646,42.76038320681348,86.46692931671424
6acab412-1c9f-42d5-a3d4-9c9cb513f881,449,44.80783247053311,89.9382840277641
4762c2fd-9e9b-45d3-8df5-60bfcde80c64,902,67.61216530092669,29.171834371816363
dae1d3a1-067b-48ca-9d92-f0f9cc38f140,523,94.13375977502592,17.35833533222364
62ec3706-33e3-41e6-8eb7-4cc566f80437,281,3.704332270614541,31.546312730444136
409fa1c6-ed18-4572-b273-61318dd10f8b,qhxh,37.06392541698927,49.26976719181876
657d34d7-53b1-4948-be02-90968d6f5453,390,50.569956738152776,2.0240980156267407
12dc1006-b59c-4d31-b6ae-af2e1925a9e5,88,56.66523369155259,79.23273154474293
b9e512a3-eae3-43f4-b6b3-964421505134,zvme,66.04867458973584,1.8225648589714205
0530d455-1e42-4d0e-8649-f0968342dc05,75,39.57720882207646,28.212632826031538
92611ca9-17a4-4681-b647-81c3ab15bdb9,qnwo,33.35133990088249,31.50871539895146
ced9a987-d5b2-47d4-bea2-92c06daa9146,316,21.02588373813545,13.64514997857652
6cf49d27-b426-4d88-8d9b-0a69e31a1a89,423,1.3051300022152046,29.516226831919838
2fe0d1b5-ab12-477e-9587-78558a467b40,912,75.54643507635366,92.17514290237888
b5d30331-5f4d-4f21-95e8-8112a9b5854b,ufmp,60.174252490290094,78.07788760041144
7bdea2ea-4a7a-47ae-9e0a-8ccb3ce09b39,306,11.814587360215922,67.3712768840991
6a89b50b-a84e-4b5b-94ca-e9bda48f0bce,354,22.983301910735776,3.7347949565331375
5ada15de-9625-45e3-aee3-b027441492b9,813,76.86563520770395,60.01178350246394
2033fd09-a9f6-4ef1-8546-c973a435322b,881,35.70149054602706,8.83568846105911
131ef4ec-9bdf-47af-9096-b3cbdf918742,963,85.37432269757525,14.39547268056025
4a6f9cf1-f1aa-4841-82b3-5adf5b2e1d5b,954,47.96423091684269,98.74964312704056
a79da00a-78da-4519-88e5-d3f23e2b6c64,chdn,14.809941640994618,19.654895397745875
41a80d1a-aadc-4dce-b349-5d2369752881,asen,68.16925779391777,61.93919711833525
2613c6dd-9491-4686-9239-cabfa592318e,35,16.53837850049811,75.5161136404584
9797ecff-9640-4983-a5a8-60948739544f,42,64.45399256942433,32.309780613576386
36aa73ca-a738-4f3d-9d6c-00979d7c9e48,657,98.67133607610856,97.71948151077363
53fc11d6-6e5d-4224-aa3b-7eb6421bf121,zdoW,87.4618196423476,52.03933503253359
cd1ce9f2-7a2a-43b6-ad59-7a8e299a7799,522,67.92645812043023,52.32014819471457
39180186-fdcf-4320-9f71-ae688482cb38,bxgo,41.01429691959524,52.78377858536787
9daae185-db13-43ac-9373-f74defef7730,212,71.54985786661585,3.989807042083515
0f4643f8-7af1-4bd2-9cb9-ba30509233b7,261,19.072581686159594,61.65132299427075
1649b9b6-d045-4f0d-8b92-4de7f257f2f0,VLpe,60.6750988469258,73.95226228430505
9ce99677-1c3f-43d1-8b59-d01e97bfccfc,378,48.78181117289137,96.2583625465998
ca5b11b7-a079-460a-9518-33ad454b78a2,951,35.252369350398936,87.04635727980327
0f440474-4fb7-48ff-b540-847e82aa08bb,rnue,91.38501401323774,85.54859459812252
ff5e0d58-a18d-47fb-a930-9e50473221fc,217,82.95153644066552,6.466744304810657
782fe514-eed9-4cff-bd19-9dd737630cfc,zrzL,90.53684243025783,70.1135874760192
30ad7552-9529-4c2e-8f91-2bab68e6fceb,740,85.55940839738065,8.234898362561548
8fc4d25d-c0ed-464d-be26-3d114c62363e,283,5.9073067243715975,42.94611014124028
fe007ff6-0722-4038-a02e-194e068b978c,313,39.99362454197906,10.617649063723322
6cc850f4-138d-4b49-af0e-537f1f5c6cc7,xpcd,23.946220795539897,49.32472356815776
12046d8f-2dd7-4196-9305-ecc70bf6b58f,509,76.42532738590944,11.110604160934887
573afa6e-1e7d-410f-8274-d7f7d12a2279,576,26.349408382526907,7.124862687744038
9526e0f3-f0be-4bd7-bb45-733dc2ce99ca,403,32.32531335498267,12.17199996513344
725f96a2-ffd8-4162-a260-a96654f350ca,svqy,72.2505119462355,9.555190417929747
3603ffac-8e28-4497-9dd1-682eb71251b8,hxyt,45.07212579889443,91.39729146896042
223a6574-4dc5-42fe-b282-8648d73d5ff3,839,73.78635288288244,23.292124243860567
7140553c-4dad-4227-94ea-9a85c7b362cd,76,93.75620900729776,40.396627705131536
209f48d6-d9cc-4684-a317-783dcdf9dfd3,987,74.45267597260826,6.202952755973767
5d242193-0bac-4f90-8780-1e706ece6d77,urhm,40.31950324732816,2.81455066500903
edd1e913-8eb6-40ab-a574-4f4ec73a2e98,330,47.733400447689455,16.583760318882057
ba801652-1fe5-4ef3-ad8a-01ba48334b48,drvs,75.00828026916918,56.69234345440406
0a9e8219-d0aa-46fb-b615-35454eba33a4,uLzw,64.64108593018317,0.1053890069305563
651caf4e-a649-4476-a15a-a598a62cb4e9,zVBa,32.80639996761325,85.3696346903705
96eb0dd7-9305-4495-94f4-5782a4b3d506,256,44.01648270475111,16.188142167413233
16cfa232-c92c-44d8-bab6-6bfaadec2a8d,139,79.96834869573158,98.07458395219705
8520f507-4fc3-4747-be1a-9bfce7f922a4,13,11.124756075655185,54.648752640648034
2ae9ce9c-957a-4ceb-9050-603ca82ab622,361,4.953848554519958,89.74306383572608
842c939f-84fc-45b1-b1ff-51fff5d248a9,499,19.199296566892357,63.04149567926726
05afc336-8a77-48b3-9d4c-f3d9cae2a848,993,55.87033708368244,7.258836127590484
a6a1294d-5334-4e4a-ada5-659e2612eb0b,702,82.70904690598812,54.5981489000279
1efaf638-3055-4fea-9853-203ce244e219,387,67.46578364605489,61.58476779641517
dd0d5008-7a71-479e-a040-74963bbe6a18,944,50.21637183559319,14.720630964883464
0dbf00e4-df37-42e1-8217-77af6df20c7e,366,83.27906064301041,26.28774303093225
4f88bbbe-cbe7-4c59-a042-ccaecb0f2e45,723,12.112977971112471,99.40988169722635
6eddd086-6292-4459-950e-f02883e7b913,221,67.17951662498663,64.17576380565852
36dcd1c0-cf7e-4cb8-816c-02205c5218bd,939,16.36825287187569,98.16971933389128
d9bfd823-c95c-469f-bb69-ed6caedefba4,898,33.06236348573049,30.087787830924697
8c77518d-018e-4fad-9e99-d3bbcaa1bb1d,520,13.13705661934824,47.75636210171916
47195129-91a8-4f1c-b453-95ecc39db3f5,401,53.43428743692004,21.450878293533027
3f0755e0-8ef1-48d0-ac97-a7b32bc0cc09,388,28.62937419781958,33.52445831755514
ce5e8a97-ffea-4d1e-96b4-6b47a11468a1,586,97.84602870155526,45.04397444535323
30f87fa8-8454-4f36-bab8-a1ca642b2f74,aWdh,20.1387056483736,76.0300527802281
dccb49fb-130e-48b2-a82d-db2f68931553,285,80.1696227010333,69.0273247784436
c43d3ab4-c5b7-4231-9a36-f5e2595476fe,kqgi,62.9788321174337,49.263240325706825
afb13147-2b74-4e3f-926a-ad5e5fbd6e70,20,36.01680736106081,65.45772311697222
8ac21346-b60f-42bd-9b60-08e4a241aa15,399,70.75054342342561,45.80930816338002
6b7494dc-3026-47d2-92bf-0e4997068e33,136,64.84297211337856,36.822959112983455
d05fd1fe-904e-4e43-b038-545557d2c686,xaBi,24.58910701800282,1.727984859773546
e8f51c7e-efc2-4fb6-9296-09fa68be6973,751,62.21905233586605,89.29841001469944
5644c926-b7b1-4d92-af23-2ac4fddfa029,998,8.272678357976504,54.40985610237381
2fcf808f-6bb8-4c39-b1b9-6a42d79c0ef6,451,0.8906418951058703,99.4377663576285
e615b2be-64e0-4de0-96e1-39b1f7efb45b,633,75.69978268493406,71.8867300253053
3e68d106-534d-491a-a389-d330892aad25,201,51.84718292143846,99.50593475397284
136a49c5-f6d9-48d1-843d-6cc7c27f4894,aNpv,17.671629619996033,16.09078666515008
fedf03de-ea07-40e0-a3b6-ba4b06a6b785,468,62.05030081009313,74.90004496518699
9cdf8aed-1a91-4cc9-813e-e21a70f60cc0,816,89.73078125626705,13.203304812773876
ee850bfd-66e6-4baf-b156-cbd8f6fdf199,zfyo,94.43586439757944,58.59158812830294
b39d4a0b-188c-4842-ae6b-ed66b3b0a143,943,87.91696866904869,13.218449139147804
0d8f7fce-0313-4936-bb67-f8a98818b48c,pobo,54.72120737932372,59.80141094014327
6e6aeffa-70ea-4787-83a4-9c48d685de97,244,63.13480195782238,83.38874787095209
abd9a004-5541-4195-966e-e933466a9d81,773,78.28559097744235,62.29764932476319
55c5b706-e970-4557-b653-d01d93912077,362,65.34871851767838,38.049953343747866
50288abc-43b7-429b-9ffc-314e9d5b4d6a,540,93.55184354302396,31.3203695354771
f029a7e9-64d0-4c87-971b-1c1b5f98a2d6,14,37.54904559170582,45.94507626142329
3511da41-f3c6-433a-b4ed-ddd05ebcb1f1,187,0.5742349605053487,58.78790703321207
ec70e025-21df-48ce-bc99-f65c710a749b,ypoN,24.297250185038965,57.571213207787885
b193bc67-5faa-4347-902f-18ecc874b791,237,94.66649113583443,62.92544821103857
c6310756-0f05-40ca-b4c5-6cf19b1d0c13,knid,16.279690900859332,25.72328510539992
baddd291-909c-4cdb-a759-34fcdd4926bb,437,68.90265832687633,97.06455985205048
124a1903-1693-4b06-97e3-93319988ca17,wdhr,78.8529537031218,64.67138902600642
39c04fb8-0083-4988-9b98-cf34ebff5981,495,49.254767177076296,85.82289662677404
1c346eb6-21f0-4e89-bd45-ddeb2175a961,377,75.74907707770728,23.67308294511424
412656cf-affb-48c6-9126-d9fc1a761ac3,125,17.684617146091554,79.29892620675636
1ea7a973-8bca-44f7-bd64-b60f383f8e43,yymo,26.50607191579916,49.08045382626849
1fc89bdf-d73e-4ef5-a0da-04db1e5c0e63,ftaG,50.1439721026513,64.41880329958354
0c9642ca-7599-4cc6-88c4-d0cc37c212f1,847,94.28693163003288,83.24902563190983
6cb9f94e-628c-4804-819a-845d200bbbad,172,82.54898131385717,92.16933382179788
2719b66f-fd92-4030-8a61-1f0a526274ae,9,4.777829663978039,52.90267021632289
6016e8d7-5170-4b34-af23-b76f99981240,396,18.54269895075442,60.18983335453153
1ba7bef1-05d4-49ea-be97-70c0ace6f8e1,969,66.07503771170593,52.998740491444686
63e7cecd-8a88-4c6d-8043-1d19d7070469,629,41.05033145933316,81.36980876286968
4e6cabb4-ae96-4f28-881e-73823b1e00de,692,8.844965503022184,85.17189860227742
e46ec973-16df-4b7a-a4b5-0b0f85d4a771,299,46.89809012200688,60.25756159248164
906cffe4-c7d2-4390-b255-3ad33f8fe34f,756,0.9468755427178066,99.429644817049
7da0779c-9d45-461c-a6b1-abdd1fe15111,760,45.45741166094373,66.81221578103461
f4092cc8-5f96-465c-a6be-3b765556d7a2,841,73.26120058330258,14.79052532595414
59836e8d-1d95-45fe-a7c1-5bee77c901ab,wjoA,91.71597841865488,66.31127524494256
70a33059-46cd-4e83-b5c1-c8094e986e2b,940,4.811702348724545,27.27993416973084
b3f44bda-ba5f-47df-ab3a-8c1e9493fba6,503,42.24052354524528,1.1540950113493431
cc1aeeab-b266-4471-b964-624cba59b310,266,87.99579865341563,89.3781469273637
964a7cfa-e3f9-49c7-8068-c3205016e110,Ckkq,67.39943333748279,94.92627883328328
b0ff196a-dea6-4427-b22c-c4c6633253f0,oaay,3.5047210437183174,47.60335641898686
c3d6e16b-bac7-438e-8d18-14f74a20260d,ohOy,28.12963657383426,61.05029107981613
72b45986-f589-4215-b2b4-5571138ce484,yfmt,8.768398259974486,56.23412324749213
87cb20d3-8a20-4877-8683-f36abaed7f4c,443,9.216704449303458,78.29941850124656
7ad5c4ff-18a1-468b-abeb-003fc7a2b258,446,80.78790927562147,57.78618793387938
7ac8b56f-ebd1-41e3-8334-ce4a74797321,115,83.49338091213315,30.816212509468954
29d33ba7-72c1-4484-86b5-ed74860550e2,259,73.57768319872142,13.237412626624934
4a102ef2-f634-41c7-9845-f1950c05181c,898,71.26779711361732,84.875228123554
