id,size,Mass,gravity,temperature,life
7b0c8953-1801-47d8-9a5d-370d8c819374,692,23.19911869270808,9.869672646257666,96.9550012784492,True
c57ff804-f136-4021-bfcf-1b9b190eb052,337,83.8398900627941,18.469125105044025,38.626427121909536,False
4af4d1cc-8e42-4da7-9796-f9df755302e5,603,99.85604598739496,96.19330102984576,17.287053499729655,False
d494ba80-485c-4749-831a-a1bda3a194fe,200,46.07203555659947,62.25748131720759,91.22652427064432,False
36d0be43-2369-404e-8f1f-0681a463fcb5,22,58.971764272690464,24.61697150131791,56.13556445901943,True
db8f582c-d9dc-4464-8699-9e1c965f1d40,188,89.89901838740371,65.0476022776636,92.91629976642484,True
0128151e-f229-416d-812b-fe91811437cf,212,79.43400165900965,95.09968378650858,53.133066529227335,True
ffcc2702-0a16-4129-bdc3-f9d9a7966a2d,130,6.711551879425159,5.186994502173614,21.05633875098154,False
816ed9b2-e5ac-48fd-9ca6-bdae3d95868f,556,84.44281103032574,83.30405094277549,17.947433230716538,False
548b5294-c716-40aa-9664-eb1294e997c8,438,95.39289210462832,80.3501305178689,30.41915312145581,False
8c960830-adaa-41ce-b8d6-1611f1a1689f,161,10.335914331241414,43.34972913409576,2.988645233885645,False
27d0ad25-97a0-4d20-a64f-e4afb09f7ade,438,6.481644559075972,91.56820795342584,76.58857721209907,False
1590d1d7-8c0e-4429-82c5-4cc60f323493,984,14.08127388481264,24.925029418493303,13.002015343440354,False
3b9a5f9e-64fe-4f62-9bda-5d45deb46ef4,900,79.9362217038294,47.90763901197768,31.346811810563647,True
b0f8cc53-c180-4530-9b93-4f5c45ea185f,959,82.2835735421465,19.50800563761712,1.5318899348322534,True
35a7b068-2e04-41af-a6ac-789349c40d0a,91,80.12856313151511,47.40293317568863,40.90060863952543,False
8712e2f3-1d17-4b0c-8038-ab54fa3a1e59,brhd,10.447316624117454,50.18803222308797,53.38678381128614,False
4ac329fc-e077-4682-bb75-918281d58d45,778,71.36117251783357,0.2870680542260362,37.32955107029,True
37932a1b-630c-4f9e-ba85-dae201a05fa9,253,19.57184674867885,32.62383156152766,64.37009180736317,False
735531f3-2a56-4a1e-8af4-4481b1164ec6,988,40.922283167618126,90.23260847694172,2.953677260299548,False
1d7ff8d1-18f6-4bc0-9070-bd30d7fa6210,ovzo,68.1359477238109,3.4394297920969263,77.01418972704577,False
40df3186-a646-4413-949a-1a73b0aeece4,264,36.11482393836132,5.283576494885766,45.14187563992695,True
216b952a-738e-4b6d-a1de-6ccb1c29a1e9,551,3.603220926836581,56.20730206690572,14.941814431665302,False
17f4f451-4fce-4e77-9f84-ff92b56fa875,hzuf,34.12914385896336,22.24891699738738,3.612403641496875,True
58ecbfa7-b26c-4083-b7b8-49d687c09c97,xibf,86.43346266934755,17.826008508215285,61.59849909867678,False
f5336e17-05b9-477d-bc80-99f593b275af,591,85.05700751193586,90.19269823489935,19.286162823475173,False
3c06a637-a15a-4d4d-9018-9f6943667117,750,27.73160055831002,89.92814772825156,54.55148798115962,True
c5fe54cf-119b-4e5f-a218-f57a30619e1f,176,6.922738418899732,19.8301514575287,73.89121936898128,True
067a88cb-8679-4d18-a766-606fed776716,116,78.15276244913996,17.420852564789733,9.429071702611292,False
77e31eec-59c4-473f-912c-eeab8f8161d7,dxpx,42.910986099912016,98.94083409681797,84.78184259711327,False
9d464537-5688-4ec5-8935-987294f59876,iwkq,42.71432091281619,22.347327924220195,12.878998775197347,True
83e90507-3d9c-4922-9347-abf79a4960d1,677,37.24819127647727,47.91482633396278,66.7986404403879,True
1637bd15-abc0-4720-83a1-7abccbc6ba9f,559,93.35598435075492,82.43840235276015,19.97476051890579,False
7a1543e1-65da-4ab0-875d-9c50a61d53cc,369,81.52279003365824,26.95671524068361,37.32090578229551,True
b6e49ca2-df34-41f5-a275-06449cde6048,977,17.853381000593682,30.989458895553238,25.169112192402977,True
2ccaf99a-0f19-4e28-a45d-74f1a3ec3442,524,67.73284954281891,37.24348568477597,58.35775314671612,True
51466277-b201-4e58-899d-172eb10e1c49,786,64.28396003493869,98.2316374458499,13.223827267426058,False
1859840a-0ebc-4529-ace9-4089142f5eac,zwfJ,8.547277677649978,78.75829804606525,16.305901826175006,True
2afede2c-d401-4fd2-aaa0-69b8b2721c1d,zicy,60.87666622400616,16.28213567981006,82.19664530084431,True
1fd10b93-0abe-4c67-bd35-7a09de71203d,vsoq,10.775193274369698,64.528483809099,48.85114416244366,False
a78a462e-440c-47bc-b056-c19b97f1150d,874,3.980945366936306,99.61306643656324,33.93877406307709,False
cc13fd86-d712-4ece-986f-f67108df62a7,192,50.94732670094394,96.21008582201618,21.00383622098262,True
9505de52-3355-415c-9710-4a6a621c48e3,741,29.74278853900692,85.06928559893767,91.40645973032132,True
5eb82ac3-b5e5-4a41-be8b-a35cb473eb35,933,7.481551867519376,34.448132871783166,31.51418336815625,True
2aa27d20-0e27-4413-9b6c-468a00741be8,908,51.56661393189154,77.19180159922723,13.750133717837754,False
73d733c5-c165-4354-9a27-8ad52ed070a8,122,63.13801855835303,80.7078966511281,94.57885042111252,True
eff8bf86-5bcd-472d-9732-59a335343fea,484,90.88762360972856,35.85784324897055,97.1928174913686,True
d0dd9efe-f648-4f25-be64-f1c67c91eb90,388,4.249125318477443,33.308241581834764,3.245628181300974,False
c1eb3dc6-d39b-49f7-9398-2424b386dc47,204,63.44239969440507,88.48107977327939,20.777845161163643,False
16c28d61-b1de-4eb7-9103-44c1581b5601,256,92.56229320117694,74.2290657358565,76.59822752838039,True
7c5e204e-6802-4ad8-bd25-3502caf7ad92,zvzl,55.08012346843769,97.40359879595113,70.06428625968985,False
1715b03c-a9d9-49cd-8077-113f48e8f533,447,64.2747091508562,40.59810631930824,43.51166570403117,False
8632023e-c88a-400b-a208-aa7ce7bb7847,htfk,87.41191363643549,85.34598645142786,88.03511056861902,False
62339248-2f01-4191-bfaf-00ba7a4ceac8,49,66.58028515119489,33.009628581945115,26.571280831870425,True
5d728646-c49e-4a19-8d69-f547ecf1e237,305,72.85283157452761,40.254265830076406,26.55176285675968,True
84935ae4-333d-4522-a6f8-ab1a70156903,314,99.40150347207172,14.7147283706749,76.69490677213254,True
27a5a9e1-fbb7-4175-a008-9369d8ed6ed9,617,40.60506108970832,66.36231152548491,64.99664240875379,True
c81ef1da-f300-4100-ac5a-d0d8e4faf560,tbvi,83.24291941182592,36.745281978896784,30.708589083226457,True
2a62afdf-a67b-4ad8-87af-663c92582d34,IlxP,76.93264014632024,4.254521681057522,74.38776949409645,True
647af85c-1523-4b57-901a-1d6f9a862093,999,46.92811826927896,56.34140348597282,97.09988408117432,False
0aa0f615-0dae-47a0-a11d-e8947f67b85e,288,47.14074505848467,61.95697429290438,61.59091800572655,False
477de87c-88bb-43e2-982f-9ea2863031aa,ffvm,39.79953371428411,81.37739675673419,23.75853499051056,False
7571aa38-6463-4f83-9833-49f2c5ed880c,chgw,27.73976064976862,9.147917484567758,72.85337080397663,True
6bccf294-5a89-48bc-bdfe-02b88972b1b1,862,39.16687249964852,87.47363985073748,21.81745926700696,False
0200a8b8-86ce-47c9-95ff-3ba9d26085cc,560,97.31770417527696,74.524720815879,76.09084152318083,True
56b4339e-42ee-4ea2-9a47-00707c82d27f,ljqt,25.20719364234093,29.01387635459204,46.65238886918787,False
c22e57ca-2d86-43ba-84c7-1881cbfb5e2b,225,76.97854718973966,8.815015929461067,78.42823575543585,True
e587d6f1-8ee9-43d0-890f-eaf194f5b745,387,57.01513979926954,14.236860654743069,35.20372325479393,True
3a4ca643-3a91-4f7a-a5ae-d2e6cbeb4294,750,91.66941295249268,60.85680082824133,5.685187031568917,False
bf30a93a-d4d8-4708-8a67-cb4d2a8c55bf,nljz,86.67931873801894,2.8308436036149853,45.16954946907352,True
68e95821-a163-4853-9849-df9ad5411d13,392,4.417717777580776,17.400485698351385,83.96096842393804,False
d5b50de4-d14b-470b-99bb-a2f8c02ab2c6,503,78.62299213310492,25.068241441123707,33.99689557409751,False
90c4887a-0359-4e36-9d68-6ddffa79623b,910,80.69439713529977,54.34748074272532,73.4668071952518,False
2260f7e6-15b8-4190-ae59-1f10ea82aec3,388,1.3844088949909406,92.41601281252638,71.78812711106953,True
45dade12-25f6-4de2-b141-78ed5072936f,128,19.50726480023012,21.465370869534983,39.09804362114993,False
4f7d8df8-ac3a-4056-ad78-535773b73563,Topk,24.34508027422805,91.00907988757942,81.07081350775441,False
c8e438a9-668e-420c-beb1-9da046e1b3ef,393,22.54532267651368,38.93289876004212,25.06528624390574,False
de05a4d7-6998-4326-9f38-031238c37556,698,20.931561786733376,93.45924989579392,26.136870974564783,True
4c1e7c20-9441-4549-8485-66a70aac415a,467,3.9911571586403793,18.05174101788544,63.26058631303283,False
bb903c85-d422-4b82-b93f-b04820d471a5,774,68.21736619035225,40.374551406315504,43.29710006157019,False
bb82b70b-c533-4cf9-9a26-37e99a3f45f9,duzq,18.134004455032503,87.94081152625012,18.29292047865948,False
8b879dad-afa7-4490-874b-b1fd746fd2fc,69,53.06400692043478,87.20325299032675,38.22250176904268,False
b0cdf31d-2b3a-44f6-8242-f999e72cb171,nfjt,27.01651015758624,46.875217017848,56.03539560262016,True
2c6b45cf-b854-4b84-b647-71e221d10acd,437,63.11367076326848,87.51770532334274,65.10118230032202,True
d17110a0-ead2-4b7c-9ea8-a1b8aa76ea23,879,52.54803226945536,14.575604439351077,49.30277669939077,True
8225630b-0f8c-44e8-8397-028eb85df7f9,878,71.81370882510062,13.614437065039898,57.27962607477606,True
829a86f5-6c10-49b2-994e-0a99fe22bb70,269,42.36129069282979,98.3091425704706,40.53082053450896,False
cc4ba089-a022-4491-b45d-129459356689,581,34.04293990959163,75.11779348637934,26.503586920663025,True
42d91099-f4d3-4e53-8231-4a32fcf16d12,166,37.08649618672503,49.24772557234802,93.99646676098928,False
9a3bc4c1-5ad8-438a-944f-a34cc2630610,936,9.913939846114896,30.66032045001313,36.36783095147476,True
6ddb6877-e99e-4284-8728-761916964a1e,rnmy,89.14107610100982,2.4823410736341534,54.03358843378503,True
ae3c2acd-d588-4b7f-b9b7-375ff289821d,ykng,18.15201176876854,45.22113466323162,61.23053267773621,False
e60f56c8-db46-4517-9939-8230fb9f4a51,post,95.11964779565974,98.12358858188593,60.61981079797067,False
e0fb326e-0d0a-40b2-b809-0b6c2f53a2cc,958,14.593908598339311,94.76285663189024,90.33515104989964,False
5544e550-b8a5-4f91-ae9a-dc0ab4772885,98,94.52078024113727,50.85850869765467,38.268418749460274,True
83618cce-efc6-43fe-834e-0d8fe076c7c0,lScy,71.3061113375877,61.52418628399792,51.97744434593849,False
bd850ae6-3d97-4f6b-9e3b-b13ed225cae3,946,94.91450658655528,42.87303411519464,23.65026188586921,True
a6387bdb-d26a-4bb9-bd35-847189b5ecad,873,27.2709161892866,34.76234907347903,45.19646245084745,False
cdfbd0ca-10d3-4e54-87ad-7683e72bde2b,458,4.646661798257357,70.33269388055037,84.97387538904671,True
44c40e50-df57-4c56-a52e-006fb1b5cbb1,501,61.8213049574255,87.7913353306355,93.09916641015532,False
13384bf1-e0aa-4ac5-89b4-a356c400e3b7,779,70.79389046687268,41.8379840651157,62.37119340467173,False
c4ec7a2e-d57b-4e73-80f4-96d2983f2dce,siug,92.68059940938954,86.93683256044775,92.37119801705236,False
e82bc42f-5311-4cfa-afbc-e37392394551,eyxg,27.76263314245663,82.6953890259814,24.28762716932457,True
aa169838-893d-498d-abd7-c4646d89a23f,mxpj,69.8686327654694,50.40161046365928,0.9944501666798168,True
d63be9ca-5355-488b-8e0f-b68e4eab6b0c,972,1.249985841881074,72.31095470910039,94.3654385095251,True
288f23e5-b53c-4c86-aaae-bcca9133f5b8,837,14.745964546291336,93.55409805190176,14.89199032882562,True
7cfe604d-4caa-44bd-b00c-1bcff1ed67b2,musq,27.50845268609725,29.339959584878805,98.58389116245291,False
65157039-0b26-4c79-be20-d087325c53aa,150,21.15257280336588,46.657210139059735,92.2395172800344,True
7cab0939-7ff8-4bda-9c25-e0501b15c335,149,35.43580408231646,36.77565031454967,0.1169096995660701,True
c8c15e27-3e18-4ac9-9fd6-94c794f97d37,1000,28.76659427126247,56.68775631253917,86.84027648974049,True
67a5c3cb-f6c0-44a8-a39e-ba5544b4afdb,416,57.311816364512005,88.51054600174609,56.97506171111086,False
32270fea-b95a-4888-8702-be0da30c2a2d,885,39.473921961638624,25.929511386420923,73.93589435234432,True
14f8371d-4840-4e7d-b4c3-25a925efdc11,184,90.8943479063892,25.166688554655494,65.57606754833347,False
57cbe8ad-b7f3-48f4-9e5a-8184a1060dad,549,63.54353806245911,59.56009603227632,62.444561443046645,True
2c9e9aaa-a334-4096-8a16-6c0223474622,57,61.24917620867451,27.556540256700423,57.42618790398458,False
888739ee-0b72-4d71-921c-dec93ad3f95c,jkmu,90.19096182804172,92.3737657090229,0.2419861420915658,False
8d376e1d-a514-4447-b530-6899f9f690ab,490,29.007104957984865,92.27763110843996,65.87640380078719,True
a83a97a9-defd-445d-9776-bccee8360517,137,53.64504169903132,23.09922143715376,43.9902125356885,False
81b8d30d-3495-46eb-90f7-af7f195036c1,zjha,1.2242973238773325,62.57828827377296,76.92189301258573,True
b05e19c1-7fc6-40fc-be2d-927b84838efa,851,59.65966692672403,47.23062496310696,78.91757763838133,True
c7395821-cd84-4d18-845b-c00258834383,993,82.9695321838016,27.48217209140986,81.0285248607241,False
99db1666-749e-45ea-a734-c7068012695e,889,1.718193672182966,6.037962671807673,73.73793965733651,False
9bc6b68b-b117-4a97-a6bb-7058075e4108,514,7.502259230196106,56.673984725030046,28.13124922008816,True
55e8998e-6b15-4e9e-8f88-c0a51a792d02,50,54.91325642631354,48.50667209247176,52.44472322386271,True
93ef1638-1600-454f-ae3f-97465355723d,178,93.34183345590787,41.696694558500354,79.24731486620642,False
b0bfbbe9-cf93-4312-9112-81fb20980ce8,majg,40.01171744424067,44.132135834195786,27.356243564662165,False
c08a3313-38dd-4842-a49a-24317536067b,181,30.37732569080741,25.453747815803563,58.74566406840195,False
36d65755-b792-450c-942c-ab0c3e2a679a,575,3.781585303462343,16.07513487354343,46.73675268663911,True
3728be13-8c68-4b49-b679-cfcf00eb3b8f,824,92.68661497423966,87.019443503715,39.5578161299804,False
9b941702-88f8-4e5b-99db-f349ace27c0f,79,6.21190032702229,72.49244241743716,53.56930396456783,True
d12f7193-a843-41ef-8c37-8d97179319ea,mnuc,42.22687860038251,29.6614412330639,55.317692806894826,True
66c40278-ae10-4fd9-93bc-000dfdc9b740,cczj,50.59653212138899,35.85878838658319,23.91280195464679,False
1b7c28a3-554d-43a0-88b4-2b0735692e78,961,67.72802718048283,71.2277190869364,84.19691414896445,False
5dd6148d-50d9-4a9a-abf8-a94712021178,661,25.936649629717003,52.45532780478969,41.265583190313926,False
7e6e6d83-fa52-4023-8f7e-5aa5aabf8821,945,2.723214287013631,46.85802658374554,6.105706604826199,False
ef28a8ea-1cfc-4790-b1cc-6926bc585e9d,432,98.4636904380052,40.22178226185369,26.588331542677917,False
8aa0d9d7-1761-4e3f-9fbe-61d5a8932786,jpao,53.55173407680985,71.59386332302671,95.0614917718307,False
fc93b0f4-c670-46d3-8a03-a1d48d30fe9a,414,53.91192361558191,59.29038288629344,68.06444211757352,False
b8f6999a-5cb0-4690-a58d-e542b8e02b09,503,16.255775236413438,94.87294009913296,11.821552294803572,True
2d3d823d-f792-40e4-bd7d-01bfa0536a2e,765,27.17569326275033,44.98718197647329,0.2607797013026935,True
7c880f9c-b220-4f87-a5e1-3a7eb085fe17,214,24.406455863735488,20.781582868922698,42.27190225735602,True
d09abc6d-32f5-4888-b47b-b151ab1e401c,815,77.3176718749395,81.15459906000304,20.84112203783388,False
d74e7630-0e26-484b-9231-2e4706f8d1ce,735,70.97770849490408,73.92577286754744,83.21936210839915,False
1d706c99-ef5d-4f6b-9e87-1dc7f59a1d20,392,39.111213090178346,0.2181755435653132,70.75662603040377,True
d96ce875-32f3-422e-8d45-0ab277e39c1d,725,74.48440912436874,78.45583838656522,74.55213083146613,True
c3a0da75-6e3b-4256-b74d-fe9d3bd9ee3e,gval,70.13450095484353,20.20585934195476,22.367583214563137,True
7967efc2-2169-4f84-9f75-19f8ea97bb8e,868,14.985883899628128,89.02026062389015,28.649536270872577,True
1a5c516d-6b77-4090-b168-1fd803c605f5,603,9.267607237192887,74.78413824333788,10.922309573716149,True
436dd6bc-d95c-41ec-8e89-c501f2093b1d,iYvu,29.222555808515025,94.74347433302768,75.30853473013048,True
ea85b4e9-79ba-4895-b50a-f6688c1e2954,Holv,10.471825508049948,41.50993767312061,67.62420598611409,True
148b436b-0446-4456-8bb5-3f2d93017eb7,945,47.3865074593405,98.726314046117,29.39522871418861,True
dd472c09-f4b5-4050-8032-bb25ddb6c771,979,2.048256988755215,41.8994811285749,29.859320799371226,True
ecafadaf-55df-4731-bbda-67330012b676,ehNe,83.01135162896097,33.16056010434467,97.29062550858428,False
6106c712-166e-4f75-9f52-d218eb7d9fa0,335,68.00218355024523,48.39754940171799,42.477408308179285,True
56f40624-95f1-4daf-b8db-97698cc552c0,597,18.3333742056498,54.32182234533737,50.273163094848286,True
85ec7bf4-cb15-431e-8bd7-82410965f92e,uids,18.92427935298065,1.8842673361661235,17.070862936424934,False
e741aacd-d479-49e0-b42f-9be2b0621573,714,71.16254807283028,89.09466756424051,38.16932380514332,False
1cdd9bd8-0de8-4e3b-ac1f-318564c1f5d2,872,64.6198285782033,57.89384546490838,45.15825939017532,False
25a87272-b083-4812-a681-6ba1ecea1424,14,51.593302991294586,42.56896247224199,51.13927521001621,True
9c0cf9e4-23f8-4d7c-8646-a5963fbd9839,561,79.06645991961162,46.59091178849963,61.48318454043027,False
b0836b1e-507a-465f-bc92-16e195b3f7fd,867,47.20126039451242,62.58176736996355,59.71535994472731,False
594adabf-dbf3-4ff1-b8cf-21b584d466d7,618,9.45621875007705,25.784764592187315,52.66118039090203,True
104eabbf-d880-4608-a2fd-35c0b0376d25,483,12.149589986885978,29.402493049910127,62.91080949936774,False
a1f518d0-4550-4619-b551-58c64fd71657,478,80.6834422984429,85.90423459881575,20.523573947345376,False
f010e01b-36b0-433e-8ada-331bff027dbf,268,84.36317824509814,73.44864519691764,42.84953181645811,False
ad5038ba-8aa1-4d7c-beee-5516bb7abac2,63,10.735839765692212,76.13377219715866,26.51246516754111,False
13a55307-e48b-4146-86a0-af17acac4762,cngc,79.5827344782734,34.77751080753051,63.807137609330255,False
5e543c5f-80bb-47f6-a1d5-d52858aced9a,624,41.12845579800837,68.55360333678864,96.10379699650169,False
37b158d2-521d-4c9e-81b0-ea6d8d5c2152,vMdl,92.74442124470474,41.071162849620826,3.585050202565776,False
30b05f1e-6fb9-431a-8701-a4c6ef6689de,207,72.577374442788,90.12815841475788,6.386285979601514,False
3b9e97e2-a2c9-4322-bdbb-9bfcccea58e1,vshu,52.79781565129458,62.73586869121468,24.49180947757158,False
1a1dce00-f9b3-4cab-9bf5-92734fe4cd79,826,84.95423998802735,32.66181762836721,13.345698127239592,True
0dadf8f3-9224-42ad-9baa-378c0f14d0c3,34,4.564051660750379,26.13064177883846,64.32435425622201,True
6385207b-a444-4e31-9f1c-074aa7716849,563,27.053337908134743,67.62573315319484,44.823108253504415,True
d93cbe34-a3f2-42e9-8da0-0592859af8ec,854,34.5205265076471,98.62523152783776,51.618208425444834,False
7caaf260-8fc0-48a7-8f09-2b5c2864ecbc,780,87.6808688812268,28.534393222233987,16.681066505763276,False
579a7165-5058-4c44-8ab3-ca4c51d10903,278,14.204367243629036,18.92222352929703,79.65744831340831,False
edba595d-ce9c-4fd5-94af-1450ea856c68,351,69.30625023732206,77.78610819837344,59.47147886681532,True
90a8b6e4-b587-45b7-b476-142ab064b981,gqsm,67.11675782036168,51.32848429884873,27.710885983960345,False
b095146c-3d62-4143-850c-95a29e2c0bf1,582,58.28121281205346,0.2688703486280808,9.734030104264358,False
cfaa4662-53ca-4ac4-8bcb-c1ac343a77b8,174,78.40300143334908,97.56523719881784,85.67965188926883,True
a398dc72-7e51-48eb-9f53-df7d1ff35b98,922,28.44884648250726,43.88895311922645,33.56336498070493,True
a6ed08a8-5de3-4018-b96f-a6f691d6d9f8,597,75.11014593364003,40.0784018250034,44.91184211702842,False
8fdb8c7d-a508-4c48-bcc8-ef4bc7e74982,664,55.98684966856672,79.77426846638377,27.62477899539588,True
f053d8b1-cc7a-49ac-8409-ee67392f36dd,615,35.455639969528086,53.05247315013823,13.27491670341383,True
1623adbb-f368-4ac9-b3d3-22e46975f022,707,65.43839410985125,1.7527197323701005,93.89750408552756,False
aec36d53-963e-4367-aae5-64773c94a834,yset,57.96505979779115,4.8668070528049,34.83925923291955,False
ee5d63a2-5f13-415b-b000-3639a22d14b6,846,29.282520369535625,82.35051807414322,18.88950431372277,False
ae581a51-eca6-48da-b692-34e5a8f1fb97,314,37.37158578462828,88.49031027581606,52.99041415550174,True
c46bd1f4-98c8-4ead-9d63-c26431d1937b,149,25.059554436820985,83.03637067390785,69.05927988900422,False
ae1678a8-af55-4ce0-967b-ee5b2f1841a8,720,96.719850174093,88.78298819140255,91.8927187933835,True
4c6e351a-728d-4ae1-8e04-231e2b06284c,920,53.71947827504189,95.91064557277696,15.83684861016562,True
9a4430d0-4c81-482a-8004-cc1adef60ea6,586,91.36700277363038,0.369073526722552,55.98007320036187,True
5d2af616-2967-493c-acdb-1c724342431a,799,21.969295653407418,91.67885714718388,48.1189611240798,False
5612162d-7624-433c-8bc8-e09b77065c2e,665,12.844461263718198,54.13991491622998,91.39440889547534,True
414b6fbf-e37e-44e7-ac43-bb51175ba312,845,32.53026617435268,54.074481458195045,51.50683103164578,True
1494af2f-cfda-44b6-8345-df4dc19fe60d,697,67.64234052509596,48.608150083199966,74.2285399074687,True
3c999042-19e7-40e5-b120-8501fc7ecf2b,gcbj,14.095667375480636,90.2850423230852,84.33438852587275,True
da3a2402-97c0-42b0-94bb-6c2f1022c1ad,wsss,29.14838528486021,80.73709203352725,67.98237684905969,False
e5aa76ff-da43-4300-b451-a56379bc0ae2,567,28.23931427372852,61.52944172363174,77.68232342545917,False
6e8e016e-16e1-4c9f-a2f5-f71fba1236b6,360,16.81871977516447,45.362499004008,98.1629642292087,False
ecd3c7f6-98d1-4e38-b951-2988599ac619,755,77.4607612377837,4.256417820669856,98.1489769966612,True
fb0ed6aa-1ddf-456c-a2ee-46ac0866bc8c,212,95.44897850167996,4.597938343347396,21.53619153755255,False
f4520ea8-de44-4c0a-b15c-dd663f4586bd,707,54.96954779963037,15.191992244954433,89.8322291014668,False
8415a540-620a-4b97-8f4b-2ba48cf239e2,kGck,51.34030709122522,79.10417132232087,38.52222472706301,False
91657250-7834-4d5b-b0fd-2ce92a069179,646,92.62488215874568,55.58959202810585,86.75127654755063,True
0eca0a16-611c-47de-90ba-3e510850df42,510,90.51595540035495,67.10320678355014,81.71725505249209,False
4c2e93a7-f7c2-4b7d-a931-cda40cd8b84b,801,85.87071507207192,8.700227302794916,40.92305904880739,True
0806ec4f-bda6-42a8-aa32-e187bd4e399e,794,25.043727584034457,59.47675276497619,30.33169826162577,True
7d0e6c82-e4b8-4812-b8df-5dbdcc2674ca,827,87.35350403446141,89.35382827669125,34.05186068232066,True
7eea0472-19ed-482d-a539-26ed15e83e6d,791,2.7737559812693435,73.4843482899189,36.4806290008674,True
1c63427e-37e6-4470-8044-600af3af973e,175,87.65156093511706,11.315443978465634,84.6179588194974,False
d33788e5-0cb3-4099-a8e2-c8f60478ed8b,802,22.874549282994792,86.70773406975036,5.941569590966789,False
3c4c751d-63f8-4b5d-815d-c2b7057daea2,41,42.27540603895773,8.642676713626186,68.65238509643025,False
c0ed9241-ecf3-4b46-8647-771a51fe8eb5,701,22.208601476446056,35.95355286739096,27.026921315930764,False
b89b1fe1-aeb4-48ac-bef0-1e0f2d1cbc80,273,33.936593544255025,66.67955358798646,60.26920378617952,True
b5272338-645f-4215-a394-5f5232470520,899,25.305655918488025,54.7546247843373,80.09788998342144,True
b668c23c-41ff-49f0-b1a1-ed9d2f80738f,506,24.910819746558488,31.65486115976372,61.64626815175183,True
4742aaec-1f26-493d-acd5-2ec8ea5cf160,483,78.39768339738278,66.92481105347345,56.01090926792558,False
b49e0df3-0b74-4b6e-b052-bbd33efc3be3,rlmq,94.63219228257825,21.99557784504571,26.59651889569984,False
fce268d0-f28c-49c5-aa1c-72e0301d3c50,115,11.338413199276664,47.853300578792016,49.72100962514941,False
6633fdbc-7cdd-4e1b-9a0a-f19d1fc7cc5b,953,16.80264526118157,30.26672019134097,66.84588038407107,True
f5909950-1c2f-49fe-9e5a-761cb15c33b5,262,75.29199865578342,88.25989630536063,21.299899879316108,False
fd5f5ca0-4315-42e6-a8bc-b4096a4ad168,753,98.69945060944195,72.54687287371277,17.640721731623366,False
c3249588-6503-4577-89ae-0039ff47236d,262,1.5137297097561175,67.56399866963106,48.64273905605258,False
38b9ec3c-1a8c-436e-8954-cac3e93780f2,205,88.19132858507817,49.01134400413604,16.588332101013382,True
cb66b405-46b9-4dcf-8f83-cc9f59deaf69,724,60.09525608473658,68.18566767324812,65.45170855047238,False
2db4a7c3-404f-4cba-8ef2-b57d1ebc0c2a,382,77.19327314466429,51.29199972376395,97.55139077744472,False
18f0bdcc-e8f1-4927-96c2-538ea5701574,361,99.8883507202151,44.81123916438465,57.85047774565789,True
27c40831-b775-4537-bac8-ee2e4adedc74,936,94.28943498173018,34.52828866623266,68.18698232170442,True
ca95326c-c241-44e0-8312-ee80cde00c9c,0,14.134655061859036,94.89913686546043,82.22771757750013,False
9291c064-74c0-410c-ad02-36eb4a58d9e0,bmEj,86.48396314399956,72.74815960796434,2.304200195432171,True
cb75a39a-b33c-4215-a8c9-aa58758d8a50,549,26.41062180274277,58.120910789183725,58.77253749590309,True
6eb98049-ddaf-4c1b-be92-eb8235fd733c,278,78.57351357779754,33.34631954730186,30.20420265430689,False
09bed2ae-7c6c-4aaf-9f91-df3324a2fcb0,QUsf,30.611658149181157,61.5178161263945,52.51655525864842,False
8e6bb626-d3c7-47ca-909e-ad4bd5a32ab4,24,83.31296072389443,96.18942022210658,58.20202660733776,False
805bdd01-7463-4457-9454-0b2b48513cef,srex,88.52606905245158,32.8749224346493,85.16732322244668,True
b353bce8-d0a2-4cd3-b9c3-77bae657df2c,362,5.356650963521359,98.16770560327028,70.22524864332043,True
4bc56d96-dc05-452e-9670-82aaf9841618,998,36.95608971200337,39.05789519689294,52.79195617462571,True
22e30bb7-586d-4994-a512-62d331d99f44,544,32.65242902188962,62.29745541182338,40.06059688406864,True
3010d3ac-42c2-41c9-88be-1d6f9d64722b,0,40.282315074823785,47.33221712823813,61.48671892756119,True
f4ff9ff2-0953-4425-8297-3f2d9702183d,215,8.99440236041974,74.93555087637407,46.46402990308416,False
a628f436-104d-47bd-aa6b-0770f6972041,736,61.396332445216494,1.1448515503929335,81.15985917840139,False
7e712be0-431e-434a-ad8a-6f106da07ed0,445,38.832533079259605,75.4201803976973,40.314689030154014,True
5220ce76-6abc-41f4-9e2a-79a50438dfc8,axnb,52.70154865406537,61.341824449254034,23.15707759116563,True
ccf3fde6-e03b-4dac-afa0-c76693833e4d,379,82.72663641561573,70.52201683733392,58.73279987563872,False
57273527-e6f2-42d1-8cc4-8ae71d07c8d8,336,72.47674498222074,15.894861875717115,59.000905882152445,False
35b7bb5f-d7d6-45d6-b6b2-4ba6556ff474,84,52.55964988706171,74.6811240233684,90.53161111890368,False
7eba27f7-0d05-4398-8f20-61e630076906,274,56.47707505628191,44.81990216766072,42.29393957422493,False
eeb43cd7-d593-4adf-90fb-3d4b7b84175b,69,39.576167529132064,17.58356361890102,82.23069652252886,False
365cb158-d871-4461-9547-7be6c7992f16,668,80.99257986291764,96.94771404757238,78.10873375734411,False
1da708fa-2864-44bd-be8d-dba9deec7e39,twat,25.207358566894666,65.70190529405075,83.93204856305539,True
3e7432f9-577e-4ad0-8e78-5fbfefa7278d,501,7.985017937152639,34.52667608496348,90.63490904578347,False
2b1a1a70-79d4-42d1-9ee6-12aaf4fff00e,529,17.867271468372724,53.16755221629611,6.189893514000611,True
67f7709e-2ca9-4196-a949-3e000dbb8d2e,210,44.865962886192776,54.54987943666594,99.38821573701372,True
988a33f5-d1cd-4060-b4e1-060265c5632c,xghl,92.05878345964642,7.190882197462201,58.201756959619765,True
b32d9f78-670c-424a-9a5f-6f7f6a863c0e,vlXg,86.35714389625142,87.2361338741258,22.074842246936157,True
bb9b8697-307a-470c-a28f-0dbb37f4f6c3,917,30.283644208845477,99.6332201824266,2.632227149117328,False
e6e49a3e-fd9b-4883-aa8d-41abc0989d28,xYfk,34.519313976778776,81.1288452929594,40.4540136391124,False
bae9477f-ed8d-4914-91ef-4ec372949cde,896,50.25038948561061,14.600413458020988,20.18002737797633,True
b539b2f6-fcaa-4bdc-b167-22d93cd7135d,633,29.095799012079524,45.45840080909511,37.05416506756,False
6728b6f1-5dd4-45d6-8451-9b3b8f36fc8b,35,16.84686063397367,42.95382331316661,97.98889521352736,False
1d9d7c36-32f3-4355-8e8d-f018852d7148,700,99.07023152602108,81.22549093272463,7.449453420683572,True
54c4ecfa-fef0-44f9-8bfc-d09f9cadee53,449,26.10921908825714,34.65022223148087,65.99488381650332,True
924b10fd-0cee-4bac-9d59-1b064b004e52,703,74.67179346313056,52.223590804527255,79.41654004183593,True
a17b1f70-24f9-4437-ac6d-ef414da733a1,498,8.935224219358807,76.77654779727143,41.14066210503303,True
a7d8aad5-1eec-41c6-a348-4276d0273482,214,89.75465407975621,88.25812818057035,57.95741172909425,True
9b6313aa-ba04-45cf-a4aa-85d528b981ff,582,1.3432389702177303,12.271335796369453,13.645765086847394,True
f2ae2165-0c13-450c-9aa2-936608e4ec48,624,77.86776348208532,77.27082088720107,10.711080964952105,False
47282a92-6b58-409d-97c0-18d4044bf1bb,cmam,11.70231069541684,16.49958142211637,60.837891014963006,False
c049a5c9-a34b-48d9-851b-9726b6600a16,Xmet,21.405255737463968,43.07858389191891,26.27452426557577,True
ded14f6d-3520-4023-8b8b-999d46865c10,masc,66.40541156773594,12.351316504558174,82.42933133578835,True
03c4ce00-a327-4e2e-a4a6-34e420ecdfee,696,99.1091914872722,98.69248620308838,62.35829064237649,False
129b861d-1f9c-4beb-8796-3fb8964f2f13,850,55.216919088707805,70.47110737310905,78.7828855905927,True
7efd8a21-f079-4216-a1a5-97aae9aa4f13,307,34.601725801668024,99.47115298374166,76.80439557139331,True
acc74896-0a86-4b66-a74e-75a9875a3fc1,uand,59.24039328141293,93.73764593008217,1.665086620271217,True
c413ace1-8fbf-4d4d-aa7b-49345823d73e,s,77.80205161365727,68.1773899946347,12.807248356714728,False
eb5ccadb-f088-41c1-9a34-eac539809ba1,413,16.228791844797065,88.90058595616604,43.1346540254981,False
3f147579-4ad1-43ee-ae53-9f04f226b346,727,6.606941228785701,31.373311966950148,69.43807230084144,True
2e18df4f-7535-4378-a23a-d8d3df2e0998,284,67.69687948919888,82.35255737443826,22.90109069163875,True
3ae5a56d-1946-4fec-a3c2-465e585eced8,44,66.49550684699378,18.97627581936566,74.24596336220216,True
da3d7ae3-5798-4ec0-bef7-97cc594b2fa9,445,34.71797014508492,28.25996558125128,73.92612388542504,True
b1c71027-8bcb-47a3-bd8c-8bb4758b5e2b,ziy,41.04298201425129,58.18199166269565,66.13926635577594,False
0abbb624-1431-46e0-bf41-979da803da35,63,92.75839382395554,43.84711762105047,17.66653949026559,False
039e823b-95e6-483e-abbf-ff4de5402dc2,139,54.46696015604044,28.251002340336807,40.25242582661638,True
b6863f88-8c22-4589-b348-baf06bf653b4,273,31.98676053002475,84.53232277561385,93.95079058351104,False
4251cccd-f38b-4dbc-b180-b03c9d574473,672,41.937958901911706,46.71133712064099,83.53741696425277,False
cde72f7a-4bea-4763-8e8f-db11b7697ede,432,29.49594754496613,21.191630908444424,85.37325071448637,True
af54e25d-30f6-403d-ad98-02eb149c8c8f,419,46.60461384160214,26.96111905955355,88.42902871937946,False
0216a7bd-3d33-41c4-bb19-dbac57f7cca3,284,72.37418193348365,39.785620711049965,38.74515353079261,True
a3b2080e-eaea-45b7-869c-c0d9d02dd5c7,150,68.86373189085604,72.61284617532363,92.1166294073662,True
a5078f1c-750b-47b1-889a-0b4bdbbb11ee,569,84.9896709647148,41.89644468048548,72.94869587471612,True
adf3c009-e221-40a4-ae37-2ddbb481f6e6,583,96.19218104843353,63.88725665916729,71.48292343604835,True
c16436a1-53eb-4078-a308-b993a1f24e11,580,14.085671007095735,76.72247554327207,73.30782492544282,False
dde5fefc-1cc3-4f4a-a912-b4ace6f9807c,49,97.48083333978154,87.83128184201679,87.5091702674892,True
2c6fbcb7-c44d-4f05-aa84-367017fe664d,485,55.15772348579052,23.799354454461664,51.888234271211054,True
e35e2cbd-f212-4d5c-beb2-a81183b8f757,470,40.66158644005807,11.152483534908653,20.01282827917462,True
bdca8c99-898c-4468-8873-bebba359047e,826,98.15052865726123,7.347606277188346,23.252339060720374,False
50e8aa92-d525-4d3e-b330-c3281f755028,524,72.41159625701007,26.15284487906702,43.097554763151216,False
7876b50c-79a4-4dfa-8caa-e4f14005ba29,960,58.78606765443366,60.59020851871401,4.1817335071401285,True
bcbc87bf-9b45-4b5a-8818-c71ffd595ab6,301,7.595147508510491,72.10454859016093,61.88177001956186,True
98a1da02-1719-43f1-aa3f-eb3603a8b0eb,223,35.672839481288946,50.39528015575322,61.71702188383061,True
4b5b75d6-2fa5-4dab-8c6e-be89af0d3338,569,19.39281477185581,89.66217439408187,81.3198523408501,False
c875e7df-670e-4e82-b383-23089b412cff,Rmjh,89.7334685927086,23.7357010445034,15.613093805944589,False
10285bf9-ffad-40bb-b148-a9f07339340a,603,46.28006796091615,9.062312826661156,27.0134294958575,False
94a86738-ddd3-4517-bd83-cf2412cb3f29,532,52.50299018644583,13.455968866979717,17.417952142453785,True
51b32ac6-1e29-4540-81b9-233d5bb61f9e,879,80.0370277199106,14.421393787868253,9.76703265977087,False
bade0648-1601-4987-9ed1-18c48b7d278c,mx,90.82438537349246,35.443554745835506,18.6804227557287,True
c6198f8d-31ec-4250-986e-7201bcd3c609,nnwk,8.208608461438882,68.72036971830914,27.600605720311,True
156593a5-2a79-458e-b043-9ad7d5b423e3,eujv,78.1471172361131,24.93725879641017,95.1020898494964,False
96af3d19-0890-4573-985c-d379b2bab606,385,27.21654306332931,7.062999079288335,82.88209886006213,False
3bbe7f15-eb24-420a-bb60-8e05d8d592ed,119,60.665151601431866,50.23302806828873,4.8806184160324335,True
61587e84-da67-4c68-a6d6-c1060e4edb7b,185,8.19838016387726,81.9200647231977,6.150858182109131,True
c61af76c-33fc-4386-ae60-8496efc45b7a,kyzs,64.36287394630537,11.97662650465302,32.521535058138525,False
2098c3e1-bddc-4789-a327-90ebf03b70aa,24,78.7793928793085,7.671236343556231,43.95530258732252,True
934f9991-1ecd-4772-9e5a-e7bab2451f5d,517,97.36833177067786,93.4697001937617,14.25400437109433,False
e7148ea6-582d-4f64-b3e6-55144bcc9e43,hhbq,50.56705761851568,28.284578471162327,3.087885221692765,True
6653322d-276f-4b75-a13b-0f18c4b84aef,941,32.3062728983445,57.29080758026198,27.900690863813004,True
519181c4-c00a-45c9-9bff-297bc09758d4,908,75.0486387648913,24.95995501278574,86.13930832053298,True
5d7ed850-8b89-463e-8d5d-2fd1e319086f,163,59.554304436044426,83.93894004460229,9.83403972704876,False
21f7e844-7bf1-4b3a-a1c0-4a25ff7741fd,144,22.334280840422718,33.137825558869125,3.636248611735871,False
2fef0eac-e269-4116-a4be-9fea946d73fb,83,61.060041148427416,61.87388530435156,98.48223148611352,True
84a5cca4-b0e8-4de3-8956-fcffbfe453d7,vrbr,95.65248900909052,64.55947757459606,97.3187833897425,False
d3a5e5e8-2112-4432-aef8-b1a5fc812888,525,45.93541971823707,67.61874045277837,24.687198556649616,True
ad2402bd-3b07-4874-9458-82e0bb487900,568,77.04224168842418,74.70432151520934,69.85252803148063,True
ce9a4a1e-44b7-4203-a524-d5ebdc0a6a61,188,36.39909066329403,26.317101254938745,59.49582517459848,True
24e9b7ae-6a23-4eb8-a58e-5868204917e9,787,93.91395361396694,90.79180104826672,58.63855893152059,False
6bed3e63-425e-4dbd-a189-08571b82b62e,708,66.1555093763623,11.754312402856636,91.91542235501326,True
c2f7c47c-6861-444e-9d22-1f90776455e6,kdsc,13.36110484458457,6.683829227754135,68.41472058851889,True
e27b4f2e-e88c-4f19-9066-fb176ce52ee0,206,20.7140529700083,48.70459683151254,81.68335342990247,True
acf37ad0-36fa-46c3-92d0-73c2edbd6e59,Zvt,98.04863502412944,50.98961657989992,70.410773511591,True
cb6b2204-8b45-4787-8b27-130d4c378a3f,428,88.16564978547888,63.01560890677541,72.70765423315993,False
77a9f530-f2cf-4de5-8263-4872b83e97c0,ofla,86.99301467320085,44.78929683145996,4.592443790251,False
1e11162d-68c5-40cb-b661-30298e6a53b8,pinw,91.79896070684887,96.9971243808751,19.60357646990012,False
28b8470b-23c7-46ec-ad23-7322d3811040,n,28.799900859460305,11.991962592920036,79.71717214909945,False
40d31831-092f-4893-85e1-f3c77abae4b9,600,46.66225877356656,80.99717800035737,85.55215473246753,False
aece8aaa-9ac2-4348-a1df-b378ea9dd407,707,90.48302008880567,56.01058240113653,29.42106613199147,True
0cd44d11-97c3-4760-b26b-0cffca5e21c3,109,47.883359425968976,77.2888282251152,68.16428649417114,False
5eb67a74-0319-4a83-bc39-6506e6f6f75a,214,59.21734228240181,42.68577223495878,29.5053849670337,True
9584ce7f-9031-4d55-9ee4-9cf751605ada,bbpq,74.59018912263122,73.65119279488907,2.6547642600111887,True
64c85d88-f073-4b21-9839-0913d3385155,dYrt,97.22984852852233,3.27173402358093,22.90430638492245,True
ea0eb88f-d52f-471e-9d56-a73cc8dd74ac,975,32.78607907425153,79.0570752948268,44.40623414111373,True
0c80845f-1f7a-4d4e-9f7c-4e83f7768d72,531,20.798969718650483,93.60371649748676,41.22740690422391,True
38344a55-be34-49c3-90ec-5de42fcffdf0,683,22.086166735164912,28.34236542791828,45.918892997392646,False
c044f3fe-9b4a-4de8-9ba6-6d1cb20b7cab,xmuz,32.06626776793223,72.49947644327703,24.12404064920636,False
d9652fa7-eb33-4c0f-8fc9-ee64791870c5,950,47.64555573003349,51.79536411666973,79.06929759788912,False
20aaf2dd-e023-4aa6-9d3c-c0c307aa2b80,915,11.67501613959061,19.160069490505386,54.82075546392524,False
1abc3902-f1eb-459b-a179-36fe20385289,173,67.44503591592134,78.57131742273491,40.41233929831854,False
d4dd0b20-65dd-4ca2-bd81-4f4ca97270b2,133,45.2443622735544,6.143209563690755,89.7546877181362,False
6c357d9e-e405-4e3c-bdec-5b660be95f47,206,28.629482985484223,11.18725370832352,30.03519782712072,False
dbf40ff2-8198-4ec2-b075-f826e6593f23,692,8.523227868054818,39.99465445932958,2.38327818886207,True
42864a58-a97e-4d67-98a2-7b6fe9c6adf9,sg,15.35525072042605,19.632429002407992,63.21207129381708,False
f8a1c221-cd64-42be-a9b6-1de930785af1,478,49.23469042640196,70.30503190104768,60.18673546904844,True
bd2f2516-c82a-4153-89ff-b355482a513e,573,60.57285032535066,29.73656377907517,39.41902953384988,False
0fca2b20-eb0f-463a-af83-a1dd9b95367f,551,60.531948088493394,49.36903783965872,0.0228168282022322,True
75c60fcc-dbdf-40b8-91f2-32eb9aa2886a,687,21.68871481589828,31.225294656156365,48.32618259607946,True
354174c1-9b51-4c30-b83c-a61b1f732318,897,20.04761074399328,19.556741784252,98.64051295069662,True
5bbab9a8-7600-436e-8fd6-af65c5b82da3,167,43.30135849843134,60.45337940095883,12.280119514120614,True
640d79d1-b80a-409d-9260-77c8c0c2c448,69,45.29839115032007,38.93629847797733,49.30529732626625,False
e3e7da4a-89fa-440d-b0d5-83f433cafaac,322,47.57141618176558,32.99990445997088,61.75359666742401,True
79cb5341-ddb5-45ac-a012-b379b733ca7e,326,93.8427809101904,24.36410219311823,85.68848881730797,False
f96233cf-094f-4aa0-a6e3-be7ab2d337e0,361,78.80104472341668,23.76718455696921,48.68158588617376,True
c386bbff-a223-46d4-ae9f-bbd89969f025,816,6.907535346254868,97.5446901786795,90.80589263314636,False
f5d954c2-308f-4de7-9a06-e8be0c1f0d82,775,19.87084744056041,53.35152704070426,31.847503518246747,False
b0bdf1b9-4ef2-4e87-a3ac-c5806feb1d40,736,66.89088688272098,34.811656768467834,69.64959926476858,False
d6bbfc90-ac03-4050-8494-f7f6526aba52,460,68.18066828434922,10.811327212512644,50.90313665529863,False
1a2c411d-3273-430c-b008-5e42729d1c13,889,35.29956740204904,19.17759140555102,98.45281898505291,True
3dac4f81-3f2e-4b81-84f5-cfa28f9c3a79,fmye,46.3523824624384,73.32109718827495,12.64255751200646,True
b4a9a9f6-05fe-4d23-81e7-aadfd269c4af,116,19.960783871996203,62.07906714563419,29.13049873583101,True
3c3ad2de-d912-4ff1-a4a8-a3cfead27ad0,cols,23.14843433249897,41.381519371544,75.7807304717381,True
b9ec1168-07fc-4886-bbdb-39c1a031b25e,37,33.32603565486152,80.89038325636662,45.750408194272765,True
c2328150-b93d-4b7c-9f21-28c4513aa108,uoab,32.03858973344297,46.40359687187833,27.592824012774187,True
6699b9b1-45c3-491c-864a-62b2be171cec,866,45.74670457569372,11.912201456067162,59.99683147193359,False
9d09410d-710d-43cc-9d48-3e215f48f9ea,gcts,61.882408531850544,74.68452093682309,27.950825051194595,False
a93d7063-3747-42b1-b79f-bad32958eaa1,61,76.20286060443193,80.313497469681,90.7886571681615,True
d5894c7d-a093-4c9d-8380-ac0601d1ace6,502,55.18602353448803,22.48905677983386,31.12378498515081,False
b86b9f83-39b1-4930-b265-8f131bd3637d,66,19.129441113541056,6.201377297872057,46.46710341236998,True
b079bc5c-ba11-41a2-8d99-e64f1df08685,310,26.97904240088456,56.37465735711382,58.74709270707194,True
0b758f46-acdc-43b4-a0dc-d2f946dcf368,ntgH,80.03282703811654,10.313195033942812,11.434450659946805,True
4b626abe-ff85-4d73-837b-fd6dd052b079,442,63.933107499866246,53.2862177518439,41.84499439287054,True
18992f20-152c-4d6c-ba8c-b090fa9e0073,uogh,48.46060928114747,53.68347498688354,62.70393506887424,False
b709c4b6-df1f-450a-885e-613932daa218,809,15.59601977110824,2.008886007106192,55.88808113651796,False
b038e9b2-670a-40c5-a78f-e92572457b82,508,68.92203080123966,24.99553837751881,79.72576220166297,True
2f3b5395-6de0-4cfd-8f53-d6072f731b50,162,93.73717818464564,34.515159540557484,98.5083490249941,False
74bf6367-ecad-4084-8cfc-5e2132319bf0,704,48.5628745076927,36.63195747558077,93.16781455471738,False
2ce5d830-240a-4674-8787-e4074eae0f5f,znnb,55.5117635187261,39.89241220757548,11.458303378162103,True
d4ec4d22-f01b-48db-ba23-e1ee454b246d,899,36.59299866988172,92.15753349494624,82.01500600590732,False
5c1ba0d5-ad61-4139-9e0a-f81b4b502f6e,853,82.36574607792075,93.01121311833307,56.38268591652714,False
1e9c11f2-e6c9-4b3b-b7e2-0ae3fb962ad5,41,58.80521366297663,20.810609004238955,3.004481108510082,False
5ab40112-4295-4413-8425-4eb7f4d1fd09,770,36.32712646745399,52.90064608984485,73.2539987258911,False
91782183-a65d-4035-9900-07d39d20b60c,205,41.1569461533916,73.39130871098202,7.779675927064533,False
4f982b49-47f3-4504-b93f-3c2734a22641,786,64.9506341304342,22.90554770202201,95.90292397139535,False
e4d5e5c3-a545-4337-b12e-898b501a97bf,601,62.889691341698686,79.06477848595918,66.5656915427123,False
a8540aec-cff2-4b9d-958f-1eed2eea181f,654,7.415418677952445,11.875117075107,65.18688293942817,False
dd2e8088-4d4a-4775-853c-889ad27a0e27,kgck,63.76382292755473,65.8396584677948,17.847157870578666,True
50da62bd-a106-4ff3-9c08-2b6d86471bbc,950,79.8966717273618,80.20922952542152,29.318151837669028,False
4b0ce961-5e27-483b-b1f2-dbf7ebcf82e6,Pbri,72.27476600482593,20.743583290025438,55.02242826673861,False
7ae05c32-b4c2-401e-9f3b-3642aaa3d613,773,53.363171548696656,31.383410752709885,70.86347586174392,True
e5b53c3b-44e7-4512-8a07-e3eaf936d52f,860,78.8821702820969,9.221189255277828,58.12538722865853,True
f5cb7841-9fc5-4a50-b5b3-5771cc769971,390,14.786362099971496,97.8748317649895,50.88197358051823,False
b38b7bda-da70-48fb-97e9-e780c4c3a07d,758,24.64360034705033,67.90790707917382,77.90385263767631,False
e6137f1f-2580-457e-9748-1952d0775a94,757,56.55506904578632,38.15032263462892,86.19514058132877,False
500bd9b0-336b-404f-8957-98392f638a44,476,49.63057324504889,17.679056673629677,62.68668166784469,False
4820f282-6875-471f-96e4-120ea681cee1,710,26.63948925178008,95.1461396672889,32.74312354261198,True
50ef4232-78a7-4a58-b327-06f91f6b97af,198,35.72247935460108,93.96633471969082,20.70007759227982,True
d0174bac-5ec1-411d-a363-7aac2079fece,108,46.05464310251622,53.41481696952515,18.54787279013691,False
73a0b1c3-5b03-41de-868d-c4b21d9aaa0e,138,15.478960354376436,99.9063883428896,64.0116684704324,False
f0868098-6cd9-4331-8e72-2b9ff4b62763,730,41.74355717817274,70.8965912938076,81.28395652391346,False
70dc0e9f-bb1b-4dab-90dc-f3adb2ad68e2,989,33.02989823058924,75.10175256616387,40.307606402575246,False
9c9cf4d4-e8f5-4b63-935b-7be9b6a53a8a,893,56.75342600232245,6.057298316713844,85.63495391425396,True
4a01527a-a745-4cf1-a581-0fd0595db53f,clDX,78.99011014540409,35.751596242813285,38.94177202527968,False
379ab200-fd4f-4271-8afe-f53b333f8191,514,69.48861767988961,3.2324501275719064,35.1554356125698,False
9df25c9d-e831-4d13-9c50-f7a6dcb66969,qvws,37.50298817237119,35.7564476387014,5.729911280850752,True
a099d96d-9c16-4b1a-86ca-e5403b207ad4,913,66.27094841928627,9.101528928929737,66.43964254802803,True
b1199375-9c2f-4654-8844-108bb8a3adfd,oani,55.69478307263432,96.91651773991498,53.32347568120838,False
811f3a6d-7782-4db1-bee2-10efe2071091,815,4.545947794072236,77.0333062777108,94.72468077576754,False
29e7b65e-ba95-4535-b9c1-71a85c90d7e2,dexW,59.07776743719562,20.746766809918796,18.2172354886282,True
bac3ef4c-dbd2-4f1d-99e2-1574b859034e,517,66.13571705463866,17.668202276576316,68.42076337097616,True
c26de940-bac9-40e0-8b93-513294725294,634,50.236912184533246,84.88601941496718,34.88418029788677,True
679d8f9e-3de8-4ec2-938a-5aa6464cab0a,472,33.64183770163678,5.410931539981345,31.63304659142335,True
0977cbe6-30c7-445a-8c16-4d33b7453253,686,51.13427981609345,20.580491910769823,96.13946076949492,False
bb8e79df-f04f-4ea0-8ecf-ca42163655f7,470,26.18692532390835,82.52059402826278,95.84458699873228,False
9ad63372-c1e4-4f28-8e4e-26186a1144c3,538,95.99076415933334,91.92349107216126,68.75612037281998,True
5ad0624b-7e48-4492-ba60-71f47cbb13bf,291,18.143563890573933,82.34162010039665,88.62407742460148,False
25c112d3-e131-4ca0-bcc2-b3244d53ab90,189,33.66111660605371,90.02507429899124,4.255120780130506,False
466fcbde-6d79-400d-9961-c8cce4702794,957,4.798700064433881,75.58143419197269,52.63793251433764,True
d6b9eac3-b7a2-4fb9-a313-5874974eb42c,753,73.29676724693716,55.40492669191664,42.2930535919649,False
b3cd0049-c530-46df-a029-81eb68da3c09,797,13.408565954936105,19.7893400623539,34.257370686665034,True
f477d107-fa84-47c3-9d49-14567ad0531d,306,29.63495736634347,78.45831135222997,67.56478947704495,False
5a483df3-62a8-4e26-9ee1-f93538af57ee,62,40.68251713802129,74.88773862773729,68.95425345947987,False
0c44117c-4013-48f3-811b-f75e3146334b,232,47.16215089705387,59.551674704716696,28.614117234218405,True
8869f8d9-b748-4afd-8f0b-61bc7002991f,394,92.5723228780835,74.62558862485665,34.92095165300013,True
2a4a027b-ed6e-416c-9a78-b5eb5510dc90,joln,27.04528176745348,85.63268670750571,25.95092042427648,False
6cd23eed-4617-4381-a768-484d44233fcb,341,61.94503774169223,18.946562330634965,46.05441405528907,True
7c2faac1-3720-4912-8e67-a35039361266,100,98.95642403880272,37.11151882786965,45.11712553082928,True
0710016a-566f-4d28-8257-36d971fec621,ttKg,51.499893994513954,18.75931523459108,1.7838700653857953,True
88cd9670-a443-4cc0-a5bb-de3d0776166b,de,15.819551215033767,50.07675959908199,29.48619693933988,True
93c66a9e-bbea-4426-8724-895e4f37419e,613,18.6213525046006,59.09587482131328,94.3394397446874,True
07f6caa4-d525-4497-a69c-8792c62492cf,305,75.4543162809266,46.4820592248191,9.946148172115445,True
5cd47e84-727d-4967-a992-30a194b030ce,943,1.1756122939345135,25.165815380758428,89.8855245684039,True
23010fcb-4a2d-4972-b611-3c73fdf9138a,774,36.692397657553855,9.80447145507054,62.36752377736823,False
d9309b8b-97b2-496c-84d9-3643148f2eb7,Zizb,87.41257325869447,66.60734931071146,65.13740664230245,False
bdd4e353-a690-4a49-9ae6-d99d2a54c9c7,380,91.04772562508732,29.20763610146262,1.5372612812003528,False
1fe5c200-5cd0-47e8-93e1-06d7be155e8b,795,25.204081390286404,15.363314631451964,71.67489433018861,True
9f803126-d9d3-4e34-8b02-1589ff86240d,rfJs,68.6278557942347,7.505723464658065,14.385897562046168,True
6a45b078-4c28-4ff5-a571-046eaaa2c4f3,kott,48.049532274369824,18.670568962955603,24.04391000466212,False
cdc03983-8ec4-4e25-a2ba-928c61d26ed6,550,78.10421939379789,19.958931971242443,66.61371629288269,False
a6f88d1c-54a7-4ec0-a2b5-c28da31b5a0a,195,80.95995783328107,45.60816626647687,9.586145863821384,True
cfa381bf-f003-4151-b584-5ef457020bf5,824,7.352457821646963,35.31810838316156,82.7025395537249,False
1541233c-9740-466d-8bf7-ea52c55b4670,447,32.695438820501096,76.91158906996728,57.15939594257837,True
917c7fa5-f35e-4690-a050-7dc141abaef7,262,64.95109382632207,18.387443927410384,88.76841881261073,True
084ef18d-09e7-4625-9d9a-8282781dfe48,uLyV,13.92285982524094,73.86642959620954,55.94204259407108,False
2de92cff-fd3b-47d1-823c-d18f9200a80a,0,36.18246589292082,43.47313263169457,16.047960430377252,True
1594583d-79da-40ba-839b-65786736c298,811,9.304670909035128,7.897308069144615,42.20354951292291,False
cbb26fd5-55f2-4201-917d-4301ddfa1e37,685,74.35892822615888,95.52349560062744,79.61557798410756,True
7ad026ba-4ccc-4af8-8dfb-7d78557cc2fa,844,8.707406042969323,23.414865709568776,88.00116725507274,False
cae9ea19-494e-42a5-8b24-b0fdd37812fe,607,76.672068248448,25.0979837636762,71.44964898840801,False
45449f64-24a5-4307-9109-65262a87d00a,361,9.727416655842791,86.6793802558789,51.208409130649294,True
d27871dc-0e81-4aa4-9430-602517555413,247,10.937111300016078,30.65982514250364,7.533545093205484,True
797e4148-0286-4b5a-8007-f8b47231cfb8,809,8.405138583805073,19.183736733278067,74.04398067690195,False
a240c090-7ba1-41de-a5c1-ec86740f5823,378,96.65740241530575,3.9733507538298296,14.077056150496492,True
543abe08-02ea-4c55-8cf7-da766a03efe4,488,57.92784864804951,83.47475504005982,40.092539152410986,False
0674c756-29fb-45d7-8e56-4ccc51648550,81,87.2222465519691,52.178763644634266,42.767323859758434,False
2edb0cff-ba44-4964-9e1e-0f98e7f09def,814,65.6777923942189,9.833220334285652,76.72059224698519,True
f5013dca-ffae-45b2-83a2-f802de87c1f0,jsGt,69.90729461654456,45.71805170022923,88.72894853523746,True
d32b1ae3-4e3b-45af-86cc-f63ac2d205ee,470,74.51349842991488,86.27960658449048,4.030841484132075,False
8bb403f0-ed03-46de-b6a3-7c9fc11e1952,oKhg,74.19697062130987,18.718586190082743,71.5423762320823,False
5a5a82b3-875c-414c-a727-c6459f79492b,202,26.96024114658993,21.16374907927936,70.4122575463096,False
59b51a43-a27b-48e1-a2b6-5f5a42863099,57,95.12088525210892,65.42035635741973,27.029853894614664,False
7397f38e-cdad-4066-9ffe-2ccb50b15f97,565,95.14126590548577,19.04341971753486,40.60941924176702,True
114e5beb-2cdc-4104-8fa3-75d2693becbc,930,88.31150484936073,94.6197971981896,18.841519163571373,False
61031941-f37d-4956-9074-a6a591589746,555,73.51576742971311,62.79059021390988,84.52614397129139,False
03bb2ec3-39aa-4bb4-a46f-438e28d0a286,Odkp,7.053999731908656,76.86526212104506,30.677572219194293,True
56c65e7d-90bb-4bf6-92fe-38c0e2f09f47,800,76.83803118154862,10.831212467052897,52.73804275351818,True
59e90516-4a0b-43d1-bf78-54358e47ad35,155,21.977111909328617,58.54080336981481,80.30952221166929,False
df81e1f1-2102-4ce7-86e2-8ac0a9858471,657,93.51102655217012,99.9484888655518,73.45826411091352,True
8e09e63b-0e24-4856-b584-836c1d9d002d,73,59.40157131034975,19.26316805435544,26.798212162275583,True
c68285d4-44e6-476f-848d-63b4ec517740,610,9.96057093798156,31.39575268944129,61.16966433419813,True
326adb83-6c39-49d4-bb4d-ff04ef2d71e1,opyi,81.18659871030385,33.81037226394251,2.153159026277074,True
1086561d-fe0c-43f4-8797-4aa27791c7ec,416,18.289916755866894,92.64215496981755,32.73508708576646,True
3d09003d-a917-450f-a309-4efc9d6fd75f,33,16.240333329612643,52.76309181309857,21.641552825222487,True
46f78913-0107-4a8d-b62f-4e5d71b5786c,620,99.97893224000426,52.58593731809616,31.664960916651985,True
c1e5e233-fa8d-463a-ad42-c84102f5536f,800,73.32347485623134,66.10793215204335,36.61021417972871,False
36834379-6e5c-445e-878d-64b877cb0650,175,72.05935409898537,68.31887578178683,59.94627685075598,True
a5682cd9-cbba-4099-850b-4f9fd3c9f3c8,uhyk,80.82798159738444,90.42760275585862,96.16787753860068,False
e7f19665-6893-4fbe-9c7c-ca2e2b4c087d,712,23.202080429795146,61.83122536774183,40.70930079651826,True
849f19aa-908a-4bd3-8df4-942a8ab49a6f,ftgo,31.06002164718176,24.80156498226178,76.08199561117137,False
1cf4aac6-d794-40fb-bca0-25fc5ea69441,123,41.59084281999869,82.14564390903426,21.77461058616218,True
30226a58-5a64-4ccc-89e5-df43cc625e11,370,58.173808604483554,76.49894814212053,58.362036729008125,False
ad09cfb2-03aa-4e0a-9d4a-8b434f1bfab6,mbft,52.98373611422984,41.02013575852696,72.64053462548236,True
1841e47c-52a6-408f-b5d3-1feb776d2cb3,750,25.06151934220784,12.04242391555599,87.06000333956338,False
442acc68-dd29-43df-a659-00bbdf9167d4,nlKa,86.7881222208681,55.06820201322695,53.930779595967,True
1f78b494-4a9a-4ffa-8622-435731ba61bd,234,62.28949510850348,10.95489862568807,81.6513849152142,False
2e43eb7c-6fec-4c1c-8e25-bf1f1c80e663,26,22.08567174710348,44.1431948557223,94.298401671801,True
db3bb231-19be-450a-816b-28750851e7fb,446,81.30774236517577,18.797465002016867,51.51303083401498,True
7f19e4ca-c0d9-4b9b-9d69-9d4e5ac16153,554,25.723463375362133,4.95759329056299,91.600266962914,False
158f7a0b-ed7b-4c60-b41b-df328c355eb9,vsFu,91.0261809256615,71.65549954303413,95.4963489163063,False
5e9c5083-6f87-43dc-b89d-12702825999b,316,61.482342400623125,54.18211837867051,26.69147502741143,False
270a4346-fa8e-4b0c-b997-1b91a7fc61b8,770,86.67075990276005,20.02129020817176,69.50318682108485,True
7d660b8b-83f9-4b83-bd7e-9bd11db6b99f,214,57.163721148244505,89.8993008031598,22.723245947007044,True
5834520f-d037-48cd-97cd-d38096493911,846,19.13179661158556,63.35187416705623,68.33940721762265,True
ef3f07ab-5c0d-453a-91e5-3627a1ca825b,342,17.66550419026307,45.645074616227845,12.721603811889782,True
9be16ef3-319f-46a4-b79e-ef3c0e26f62e,makn,3.937425349442414,99.4693268592164,9.505517124952368,False
3ef790d0-e18a-47f5-a795-50f57dd68696,819,72.46662537241687,57.7407202950844,87.68572818205823,False
c1e3d0d5-a811-4388-a247-802ce48a3b46,189,40.47511145836843,49.91101525206434,8.293849911062601,True
94a7e00d-09bd-42f2-8930-411f69ce2920,214,30.39658040383432,47.85128180299937,95.258294317119,False
0aba340b-c5ae-47ee-9d5a-b7338b390b14,Bfea,20.123024906189613,49.18240033289134,53.16451416331442,False
e27ed553-9292-4779-bf9a-6a89c8963d8c,232,18.03728681759811,97.29631983823155,68.90965065061422,True
e0f653bd-de1a-4bd5-a667-982133f3d029,118,57.990332610962966,81.8548763951058,89.25179245928749,False
136bd752-9d64-4e22-98ab-0a34ef33b3cf,833,20.52279112052543,33.133789032650455,85.34448702391362,False
ac54f5d0-7b9d-4bfd-a269-b5615e359406,204,96.3876638165947,84.58138907287514,68.1988858421263,False
930de990-24f6-443f-a0ff-506254db5d7c,868,6.421417022783505,91.34627202842506,54.84309689199896,False
3d305afc-91e2-4d00-9ff3-50f4dd56ad2b,937,47.939181551130375,63.37764572676871,96.10313479240008,False
63636753-220c-4f9a-94c7-dfd3fb62031a,876,80.77967487253754,81.12544746511017,80.38144134912133,False
29c13986-aeed-4e9f-8617-250fa638918a,902,70.5037416564545,6.269869965849651,55.42289219311619,False
dda4be7e-3fcd-40f1-9cf4-e42f00e19087,769,93.13306358471158,26.552828090594915,39.39741416348564,False
6f0bfef9-50d6-46a4-aa3f-0ab72d7d5543,bdbx,11.50576033059515,71.84301990518024,55.9025912699796,True
a89edba6-5f1b-427b-be05-62d9e1746e0b,yesx,47.251205219012085,84.3808323019062,76.76931943266013,True
df8dc30f-af80-4789-a5b8-1c1353e6adc6,368,0.2073004985795101,70.67110128529399,79.18549852227645,False
9fbea9cd-6eaa-4abd-af5f-3760d088832c,194,11.528750563597844,80.81352063993033,60.95386091734433,False
ea4a6505-2889-43be-8004-0679b2f26f4a,526,33.757800621415846,43.968162282682535,73.81937926857556,True
d31e2c68-2899-440a-a11a-063675005efd,807,53.25683059691831,11.390175827529813,63.76784476243225,True
73d69c0d-9895-4edd-87ed-7811a907926b,512,7.769362593759855,46.01425397762255,39.4091309943045,True
ba8d80fb-dec2-468f-b669-78808fd03dd3,809,46.63621371684471,86.54147214389141,23.38617879878348,True
faf91c09-3906-49c6-b8fc-836ccd5f2e98,129,56.03589520705744,72.87297469212146,47.84660521998987,True
b6581d32-6c85-4d8d-bdd1-a2746bd426b5,420,21.844616085609303,27.661774777668867,18.661219781326988,True
3d040804-0d9e-4fbd-95d5-6c1a03a990d8,167,81.1293603869986,8.522935864064085,0.4555219084625972,False
985375f6-c65b-4365-92b5-e8fbe65d23f4,168,70.73544976044552,92.9861512346319,47.95329663393384,False
0c1713d9-3fa8-447a-a20d-2b1403f420a7,965,88.62404999495811,37.26699016825379,64.41567410215464,False
6ec1250a-3c2a-464c-b492-f147de9a40c3,789,90.60348262845696,29.051318103317303,98.52379494193772,True
22f7b4cb-21ba-48bd-b663-93073f3af6af,334,10.500638184738865,5.250629591522282,55.00372963870683,True
288e5167-5e07-49e0-90ca-0fc1ce0f6783,txph,40.19289197265875,38.54304699302173,42.85825864320672,True
da9afe7f-12f1-4263-82a8-a1897149ca1c,640,69.37900651855294,50.01897598235724,3.14232248425218,True
3b16d5cb-e85d-4342-a8cd-b62f25258741,844,63.60061376214584,16.35553155664846,55.66175203685879,False
aa62046e-1684-4ccf-b44a-a31fce189986,833,81.83236349361782,56.43500215751772,80.99224862954337,True
89509282-d44a-453f-bac3-6ed236004a7e,kpeo,74.36127486688446,63.50613152723091,27.47798662542791,False
12fd0d4f-e769-4ca0-8828-383658aacb7a,728,43.820638304085726,59.41567391070824,72.58417990321438,False
ada64b2d-81e9-4765-8f33-be68ff2f10d6,87,40.49957371656685,24.49320062986028,99.8980235915124,True
bf414fbc-c34e-4894-8a72-e59267d938e6,207,92.69012194597116,51.16723062010272,48.89195519972043,False
c0ee825e-85f2-4e24-88b0-d58b48329273,330,12.754992953332057,80.53685447274071,48.09444548160256,False
8ec19550-71a0-4a60-88fe-5d4a8ca83e83,Ndku,81.75064884524677,57.37958880279999,82.9504488573953,True
211f6f1d-f35c-4e5e-96ab-98f4adfbfec1,51,25.005526855102577,12.314951014747354,75.36932255856225,False
a3fc8f67-bbe8-4946-a6a6-37a7f3728752,754,58.92060933279903,22.115689592650845,68.8315895245454,False
09779190-8559-4eb7-b7a7-650e7e49d78c,cIpj,26.12732135373017,95.93090969450432,42.716617579114256,True
fa72a454-0776-45c4-9968-32a9d16610c3,ame,91.35955108246144,13.112481185111324,10.512056898484056,False
11dc6b5a-7727-408a-92ce-91f01317ee99,274,26.37617969228714,26.37411481364731,45.62425867491926,True
d99774c9-d939-44fa-8a76-c809355130aa,626,82.75408838117812,76.8301522528521,47.1513281086255,False
3ec4dc29-2bb6-4d6d-814d-ac83ea95154f,846,99.2835466689199,0.2324309614557207,72.56044365314563,False
c1192044-d133-435e-a311-0f4ad5cce381,406,74.29525297390876,99.95707912060018,59.77058448472239,True
eee3ce90-8b2b-4a36-bab3-ddf90fa8d8d9,tIvr,79.45103927771913,37.36461594215194,21.916025275035068,True
29af8dec-ab65-4a1f-ab6c-943f7335e774,vkqf,12.591518273359316,41.5037685776843,82.43623572866737,False
e274f59f-2df9-4cc2-8528-73f9798a17a6,358,11.49069897668764,44.59696610936287,13.609782069045671,False
ba2500d3-09f2-48b9-95a4-27ff6cd8e857,270,70.62535300620085,34.66208602856364,13.749215094192756,True
7c815ac1-e787-4c75-9680-7440f06237d2,aiec,34.581440827838684,96.6877211934656,89.54545324153361,True
736e67e8-1038-4ffc-a8f5-63216c8f714b,lXyT,63.83043374662143,51.233952742201375,81.17851441204563,False
70bdd2b6-77d7-4bd4-a004-8fbd400a9970,866,40.55390756349363,28.26445415629022,14.037669845881297,False
fae8fa9c-a24e-4ac4-b6a8-caa119b3ebc2,361,70.81041529447909,30.349530366350898,78.97652121642395,False
891c2d3f-18cc-4434-bbce-52103dde57ad,731,70.43806762629742,39.837423989142295,24.38321421949245,True
050a1090-60cd-4ad2-8ad2-0301098484e7,GAyh,90.5175713526256,0.2479062225479222,53.65384169496207,False
9999b351-5ba9-4801-a41e-0b534e4d432a,521,64.24487724671667,22.723652473153123,18.139733094102606,True
82508e0f-9827-420a-922d-ed8785978f3e,880,41.932188056089736,67.9236185470681,2.6391969730986675,True
35d05ff7-62be-4141-9e60-e48718b13050,545,25.65629287350425,55.89655631631325,53.67504107452298,False
86dfaaff-4d68-49fa-ad28-a7f6e37d18df,141,35.71515550152412,97.62143057958382,97.34290815926074,True
498d1c46-8715-4b7b-81c7-978979a27927,vzhe,96.06391028215066,57.45678607682487,85.32709313249617,False
25e1cf1c-61b1-4fc8-8421-392c8b5456dd,271,35.123141995164296,84.13836798132478,2.944838732641819,True
73e82710-8625-49ca-8f7a-10c333a1ef11,124,20.34073081197889,85.16722047646411,99.31258736429606,False
c2f85d76-d70b-4e81-bd99-86c95a7c4abf,422,10.50587619035175,84.69165526495809,60.532762388195685,True
664030f4-f2e6-444d-b644-5da7ca265509,601,69.96473343158544,61.23633883609649,0.7013646450310995,False
8d78463c-bc2e-4922-b8cd-ff934337d889,991,8.425761411464928,92.2854391673812,41.59463178484897,False
9d2ff97e-960c-4a3a-a7af-3e33ac60f047,420,44.38544769152255,25.705307146811897,98.23555267867349,False
dbd96144-4962-4871-99b3-a508203246f9,627,27.52090712452033,82.3654761997574,18.81288221370857,False
b2847f88-1615-4e98-af6f-39389aaf1f2a,239,5.909622214864363,31.749629616643883,34.96570954703368,True
c65be86e-4171-42df-b769-d409434f2ff9,817,91.2780344107958,34.97016302942531,57.89813400806717,False
daad6f20-fd20-46a5-be02-077cba12e301,miab,39.91890736337781,65.48668317444529,57.97745312385042,False
20f30b94-5fcb-463d-a8f6-2cb0491422e7,0,54.29620358448828,20.009122586117545,61.98307246759859,False
30d10684-689f-44c2-8372-4a234d0d4c6d,973,57.23196287440402,13.777049506533912,2.8122659337035505,True
2d4ff0a0-7964-45b2-ad35-c620197f90a2,134,82.81524089981966,73.19196276726487,78.02308224086676,True
ceeea35c-cc05-4ad3-992d-fa804a0938ac,229,15.395799093662832,43.438550757699545,0.0423796165335055,True
16aca242-f868-40df-a4a0-97dcca11a726,769,26.44882726541857,99.91276229374064,39.99218001574332,False
c6bb9da5-d3e8-43b3-97d7-05df3955d8f9,241,66.05766431890008,82.70166084038758,20.8061610278657,False
2a914772-5bdd-4ff9-97fe-e2a14e2b8a33,466,67.83133285431822,3.5804976197628124,97.32636209158872,False
44d7f607-3723-44fd-a562-61ce207d232c,543,21.54676133673792,46.281671962110536,55.904553180002026,True
0be788da-86da-4cfc-9864-e8f7643e54c1,259,80.74643309002337,32.69190696890254,58.980984312496446,True
6922015f-6549-4985-a948-619e9f40b622,677,62.04843774063888,33.32468411991116,77.87262263560831,False
d73db1df-8f52-4a32-bd0f-2243e6602ca8,229,42.03501162337855,66.42067992838321,71.80968149813101,False
2483c077-a956-44b4-abf0-8c5122b44029,435,61.6365789661825,91.26634070425644,2.654266005475969,False
ed73595a-ffcc-48a1-b673-4575dd9f803d,quhk,80.46728785534,41.272976815092576,18.00545914326699,True
d214b1b7-394f-4f24-9cb8-62a587969bc1,538,11.536254131505665,17.83475166952675,76.44255364100277,False
d024726f-b15e-4c53-9751-48aeb6d5e942,980,80.58439142048479,78.89936458637362,4.8139113803310485,True
51742848-0562-44a5-a715-45789b4c5a50,760,97.465458248923,69.8898637832292,69.18860250753617,False
6b9ecf5e-c8e4-44be-a18d-29efeac54bec,124,88.34625159008421,45.92458719544823,47.41263956982269,True
c5e1c3be-edd6-4804-8e25-2769fb76fa91,266,52.15127062686727,67.57879568531243,15.528377453915844,True
56cf85ec-08b9-4cf5-8ce6-edcf6c872eb5,543,46.71377166828293,79.52214827925218,9.146046309629652,False
ad45d630-14b2-4b65-bbc6-c1373bb3fa6b,758,87.14313846297105,95.09592257343915,47.679560452828326,False
15baac4c-a580-4b58-8583-311d52b6a963,Ta,96.31885203829351,92.93620608752435,14.088941487127316,False
409b2155-a819-463f-8d07-e9d82816be15,778,18.720564236116267,31.764111552711626,91.42984329000448,True
01103659-2749-4391-acfe-1c079054fdad,928,24.22566331383794,3.932696318192841,16.506079782179718,False
f803d945-3e6c-4c1d-b536-1fffcb31c339,594,37.7772723378616,17.794348572736872,60.456583481703554,True
fa3fe370-eab6-4461-b68b-61d0aedbac5d,191,64.14902274274857,40.88683487721948,10.904418481626044,True
ab6ea9c6-45ee-4886-a05b-216e44161e53,616,57.65624380342968,34.479103975985026,32.70531678858203,False
c437183b-07c8-4d4b-a7a0-51262422f83a,140,39.60439329821455,7.358301310676762,35.5209497266089,True
d8aaac90-d4b0-4226-b2e6-777abe23891a,777,13.861280791091746,72.38027457726712,66.05840997862916,False
2f2c80f0-602e-48c8-b39b-d5c59ab147a3,nabu,67.32168070658494,15.281655817135087,90.10618796976225,True
221b294f-8f9a-4e49-861b-060f6b83624e,491,44.236985507781846,13.887443476737747,49.5042229029924,False
63867526-00b1-4495-9a0e-35ce11e3afa2,897,24.7202629881052,61.95585215782194,6.955932557284317,False
3ec8896c-ae5c-485c-ae1e-61913e1b7fc9,209,3.1424295520358525,53.85862248601117,38.81053837556168,False
d1b1839c-590d-43b5-be8f-f491c9b208dc,332,82.47028259066903,85.42949933386001,5.198344538113675,True
f0344a1d-a2b6-4121-afa2-1a986236cfce,220,21.7577886718788,7.43731230983119,2.1849891680643663,True
11475639-90fc-4f6c-b220-04646af2037f,330,78.79297338985273,11.236601558188564,66.3116684509979,True
0a7f9943-923d-49b4-8314-9cc7bb068b07,jigf,52.676921614745744,74.36243565971186,93.05600223032349,False
24c57baa-7817-42d0-ad33-172b33462ced,ewpr,97.42684138281248,17.20359904112344,96.4198855160028,False
4a369538-0a2f-4ac6-9e21-9d0edc13cbb1,vkmv,85.35525221648528,98.62500129636663,80.05364827636777,True
116ed4dd-dde1-48bf-9f39-1611fa5e2043,436,88.12462617750285,69.34475638263015,41.75991619321019,False
c79e1733-733e-4937-9655-9cc00157084b,98,8.827084844796595,66.34403894848965,43.25489927839914,False
50b62134-3a71-4aa3-98e0-b52c0bdb20d9,ehnF,87.63320737095455,87.37597931205353,96.32016558348708,True
c0bccaf7-ec71-4858-ae1c-0b38067f5736,61,96.91410714484068,34.43169952624372,96.39966043399856,True
03d76d12-80c4-40e5-9a6b-688f5085634f,44,23.94498064551526,78.90133992800249,14.019373359671706,False
ea680e40-59f8-4a9a-be5b-b1f6689b16cf,Aqge,60.75541941323045,65.54975029521995,1.180906056809916,True
5cc6e2fa-0a49-4c75-95aa-043260a81304,772,38.81965059857199,45.86588529230558,59.298262584030994,False
a280775b-6a32-4fcc-99db-ef00304689a2,xmJm,20.12206538763286,11.575849816114292,48.312824691283005,False
2b649144-4e2f-4e4d-9832-d32ea22f2fd3,712,25.26753450883101,67.64609765649116,88.73986412665155,True
ab509ad8-46fb-4f5a-bfd2-414efea1d1ee,oyag,8.006190434052096,0.0826098463455493,36.93793555592313,False
13ed3522-c26f-4f35-b370-e05d8806f6a8,354,96.7777033588235,85.52579923138757,57.19519343627144,True
98894a08-0575-423c-9e86-50fdbb207303,635,10.844630235354956,37.19947973244734,25.192463361802908,True
88fa51cc-ffef-486c-b285-0549e31d32be,543,87.01060280542204,83.47607684835184,18.096472936887785,True
1f7ff374-0544-4119-884b-11b8bc80610a,606,19.560066200459246,86.13043874255517,14.397873061538656,False
3deed33f-0f07-4c8a-8e8f-ad2e6bba7242,262,81.1682934445083,69.16149515046546,11.114750022599162,True
abe39507-bf0b-4f39-82fc-bfb4b45a6188,Tpcn,91.91280056724108,54.52423744903883,86.98777609309283,True
58219c63-94f4-481b-98bf-563f72e715f2,0,22.613977366402597,77.53963532329756,82.53897815967544,False
e91c4ade-44b5-48ec-a5d2-ad5f0c1e09ac,508,53.593273458893854,18.11709644691428,43.43806436277726,False
aae0b9e0-c5d5-4d8d-88b5-695428c040f6,442,66.8140054276403,61.75015189231732,22.26662588925152,True
138c1981-c78c-4926-adbc-c067e28c3f87,811,94.70981159877113,75.58154169567881,85.69852473277813,True
81e18155-7ce1-42c0-acaf-1dc6e5535267,xxnw,9.062009778956847,7.065472342930946,55.06386455035993,False
6f56056f-dfde-429f-a8ff-717757d9e0f4,156,67.87649874648118,92.7125133449311,73.5620268613984,False
cf0b9c96-5788-42e0-ac5b-34b7b5f8d9d4,62,10.1543630741174,87.6375248378517,66.88758332828158,False
df604473-af7f-4203-8b9b-6d0e5cbce107,994,20.20878158136124,59.80356500754012,40.89419840356604,True
40791b20-a621-4673-9a7a-4804c0cb0b57,976,22.50533290458798,32.65608825980517,95.99293635584492,False
caf915c0-552b-49ac-ad18-d19b6a038c68,449,88.31168637666048,69.58644417347502,60.04675073539488,False
e7e31b6b-108f-4222-89dc-63a1c0767355,163,14.874410885476886,70.78834061209695,72.2181201320629,False
d7003e58-4ce2-461c-889f-f48aed36f7e5,505,98.18850539933176,61.73911367735697,19.837472603956694,False
9576017f-31f0-47d4-bf1a-b4898452c84c,7,75.84053167308255,81.5456897852413,67.24562725650074,True
ae0cc7d1-d3c7-4a14-a6e0-cf1cf8b371a5,hlht,48.11391615984528,83.92528710831876,91.7887573792176,True
96b53f37-3b5e-4c83-b3a9-3662220342a7,674,55.03594626035478,23.13320472163919,63.6736639689448,False
f201b29a-12de-4f03-bd58-a22c6917dc64,225,59.78141067653439,72.20077659559958,7.45554486614044,True
1dc1402e-2958-4a62-8541-83d43e543b63,tnzv,59.2971725639591,9.850297100829264,43.3984759149917,False
729e0b54-978f-47d5-9063-70052a60115b,917,5.526962037329575,70.27442694164434,56.92229681652044,True
b7fc640b-9095-4013-91d8-457d7a9785ed,723,25.103901173651256,80.26201239155387,48.64803857651885,True
8ede6b75-fdb3-4ef2-944d-fd70148b13b7,712,52.12956333938611,92.74482393934994,21.91263904975432,False
9fc6005a-1113-4db5-aab0-5035be92b7b5,215,91.41480364221444,89.36094161785326,77.5921199182426,False
858c9c1f-b16f-4006-8c09-bc82a19acc5a,259,65.3309944693825,41.19388452338308,89.5892719259198,True
3bb9873f-b670-4bbe-9099-2536828b8c7b,418,7.806270420875883,41.037259487185295,76.84098170158279,False
a1029641-12f8-4429-b58d-06f9622313c9,92,71.4050907578236,17.71942768626048,48.28795378240627,False
5c971cb7-150d-4d26-b671-e1889047169c,289,21.90983226372928,36.67936723352836,93.3139099741889,False
9e6bf5ac-c519-4cb0-ad20-f4eef2860d7a,553,59.26233071816354,17.382833723445714,87.95526579050286,True
22f2d8af-8d63-4efd-a49e-ad7d032c82d5,Xsjf,18.005723702181086,26.39430001059622,25.591164632016092,True
afe18e7e-26fd-49d5-a66e-20dd5169e2a3,137,12.81599102134754,98.1687061068407,16.26563877874343,False
d2a6850e-7b79-4abc-9009-4b17359559a9,698,17.962030887535374,40.71278396251176,85.71878073657942,False
3c9b33ec-c165-4f2c-859c-c7f199b07cc8,932,4.642316973395177,1.3313709074953883,80.54474460865048,False
c196c82d-a432-4706-bf24-3c77a16528a7,707,6.4306704319675445,90.48942459125854,9.985454166987973,True
a8414e65-eadd-49f0-89b7-48a26f05591f,689,26.06003661197033,80.00676074534987,11.991877444655664,False
45471f3f-9950-4629-92b3-28e6533afaeb,392,67.95633932176592,23.199611240594365,25.07572385902963,True
071e616d-0890-4152-bb74-ec7e8815763e,529,64.5431590388529,77.36733368757028,32.425549244252025,False
0404698c-f0e1-49d0-9580-3bc8cc9a7641,969,94.96831396276905,32.77164559826059,78.6369296113097,True
b0711798-92ee-4a50-9947-196cc199460e,989,83.07592011012926,27.402596279005376,16.582304972663643,False
b390632e-7156-4fd9-9cb3-75e6a280e583,277,20.18978576999721,74.40769006085293,85.22415405113237,True
59830975-17d9-42eb-9c38-35508c0a76ac,493,32.170871098676955,52.32644666602814,68.53356007548483,True
bf94eb08-62e1-48e3-81bc-d0b19fd20326,887,31.001299051917552,19.62393022141412,8.80237359186198,False
8c52e1e8-8483-4cbb-afc6-ef204cff993a,xpac,62.256173758229984,79.75592581616135,73.45755872178843,False
4dc15009-8da4-4157-bcdf-3f3765b119fb,930,0.3832711629977559,97.66446676357708,64.50386840345197,True
44bd9bb6-29f9-4e9e-9d95-f8ce67c96f3e,650,94.49307533147272,39.069386035104735,4.681340703647052,False
ffb363ac-c388-444f-8e7f-9d35bb923e22,157,10.656159978600288,88.77100229109509,75.96548896101181,True
05371f30-2a07-4a9e-b95c-b048c28c58cf,705,73.78763076903,49.6700808658343,77.77507003344111,False
c3786981-7566-498c-a36e-00deab323062,790,73.2253862621911,32.887636958951795,28.47278225884108,True
f5f9371e-85bf-4a0b-9604-4a5e15b8320d,3,61.76832085846984,9.48956727218887,84.6388735906779,True
645534d1-ed33-4434-acc8-85505c9f88e0,767,55.88207779409567,59.00807741471057,59.5556351860353,False
2447ba54-5a4b-4bca-9e92-5e9597feeb52,972,23.95041750282573,15.08744132926182,66.38524425025064,True
5421a1bf-45f0-4fda-a495-36c390207ec6,789,34.504067617968595,69.12223690350885,32.01862599385761,True
224031d5-74b8-4801-8a8e-220950ff830b,382,46.126331091146575,15.262453944298526,84.51159779633961,False
049a156d-f309-4887-a932-48face591dc1,470,40.36796400536201,55.95692069946263,17.967994951377698,True
df494e5b-f4a3-412c-91bc-52a71dbb2904,157,64.85924376621445,79.40900692585403,68.35021940463626,True
c00f9a9b-0a32-4d4d-b8ba-74e60bcfb28d,Zlyg,76.51431020584532,30.66715971233025,62.9682029023683,False
9d82036b-caf8-45c0-9b6f-774f5059ac8c,102,46.44115459377905,69.47280182452262,13.674680079554747,True
343d1a41-f960-4191-a2f3-3bb2878d3175,590,97.13896975302944,57.16427227418456,13.72051557081897,False
5439c50c-bf4e-4a6c-9aff-1ebc1eebcf48,203,31.622422427665036,32.75860556436515,96.50439545145356,True
49c012cd-c451-40da-bb41-44200915f494,515,46.17020670468277,63.16448690613248,89.9753835570681,True
5c951193-08f1-4a3f-9b23-711690cfd628,703,88.11459910907902,35.96791618338761,39.54629855177328,True
3808d646-ccf8-465f-a150-ade259790088,dvht,71.76185595242293,30.08332007733669,76.29906738157099,True
d416c86e-b7ed-40f8-8f5d-9ff99225be44,160,71.35558708834657,75.5185734473299,67.66596340818305,False
8afa1adf-ad32-42e9-b78e-c45b93b693bf,91,20.407229208682075,15.119671353692477,40.88385919636245,True
a7c919ea-0e41-4f7c-9944-dfd51ccb457d,770,9.121851895471156,20.75831138350105,13.847769752395743,True
99e394ad-ba1b-4318-be04-f2f484a5fe20,iznl,33.297542375307366,62.510240581232246,23.625181373937178,True
b6d1ac9e-e4fa-408e-b426-cc8e51b17164,517,60.40186343756763,16.12098369529107,2.692366852647643,False
895d8b5c-551c-459c-a23d-6ebd7cac454b,lDfk,58.34983072049877,10.462409347130553,6.487417850015809,True
a00b766f-aabe-4d02-82f9-41086abdaf43,443,85.8064268845389,55.95847608972252,49.7736469756625,True
d84c5a2e-a96c-49bd-91b4-0a73d18cb691,553,41.34534512765296,34.107495036975685,57.45748355463307,True
dc933301-4b74-4fff-8b51-17d1a324a606,qzze,68.53745024099923,43.86535802445803,98.99765006348528,False
0299f01e-6cfa-41e2-b6df-e8a02fc72b0c,716,81.12902122495194,85.13530173219705,37.67180594532491,False
7c81a71a-85d0-401d-9de4-787c773036dd,16,9.783621561533964,80.31231299657439,60.177897193627786,True
cf785c37-93c8-4b94-9007-fa76d48003cf,mmbm,16.15350419506202,34.04853429213497,61.95410467010392,False
fbe16409-c88c-447f-810e-75c858857699,791,63.67417513261533,84.7605034587879,60.67691935330467,True
11e6b08b-dd65-4e5b-9f56-0fe0d6f093f3,58,70.86219411814264,18.826568027107548,25.556186472314103,True
e0c0a3df-a80b-4712-923a-6941513eaf9f,mrYk,49.27274251603778,43.90945977903341,34.72993943324107,False
7ed9ec03-3d31-42b4-84d7-bfef7dcb4a73,mfc,58.55840567245379,91.57324696765748,47.8541924499199,False
8a96ee42-08d8-49d2-a229-d26a94321df8,qibt,12.088899907293904,8.967665358006782,10.184772329868109,False
5f66bc4f-0c1f-464f-9a1f-9ac86fab74ce,rjby,94.47130089608902,85.6631610801992,44.64830286706341,False
01edf041-9206-4360-a918-50dc22c6f1a8,753,52.21580979313936,99.12446454592616,59.88308444555275,True
104ecf3d-87d8-415f-9cb9-54d0d2ba5d0c,icOa,33.46580096972631,11.28187553941401,66.19173532578604,False
7d503b2f-51fc-4dd9-8f14-e5fa4fa07c1f,680,70.89538952568662,49.09565005545446,86.36194462634256,False
934b1f02-dd8f-47b8-9c33-bad7df377204,36,89.5812352020931,41.18913611739301,4.003513205026,False
7df1b70f-5940-4fcb-8c03-5534ff26e578,127,55.49336036217082,88.46267571565446,20.196007712371355,False
d8bc2e0f-399c-487d-bebb-49657098de68,416,57.21885918428686,48.95548984275274,82.7219941977496,False
abe67706-5bb6-405e-8180-6d1145309706,510,30.687790673672268,75.94210396464736,35.58571206008925,False
f64fd542-7696-46ed-9d29-ec07563fe6ca,379,81.07508756045573,31.943174450906177,86.50046713468531,False
f909401c-c371-45e4-abbb-df1974e6a7dc,Kpdu,51.476313024158735,7.772645205751716,12.42755336928807,False
c9f20dcf-9e97-4564-9e68-d39cf6e3a730,fahY,49.34193322660152,68.5510251937507,91.51829565898036,True
d4068cf9-f891-401a-8661-ceb2eafc5b95,Wwsw,12.954428789294036,82.85848736977493,9.909699184844357,True
0492956c-db83-4514-aaeb-94c8d91e3e86,293,18.31416302547744,0.607223209898522,96.16447410492944,False
a729c2c9-a3ae-4f8b-8628-c15ffa83dca1,616,38.6368841523915,56.981853430119166,15.977828815712147,False
59454bfe-b24c-492c-b364-f137a63b2e10,805,30.96509354821277,27.668474504378647,91.67884542040407,True
cd6b9b2e-c196-439f-b5e6-111b12d95aef,486,8.757680037519112,65.31878460890253,22.00008716414116,False
2e332978-fac9-4264-b520-f677306a59fb,755,35.008684721081806,20.711099963895474,70.84694773356183,True
a7446c56-94e2-4c9c-826c-06bd8c154fe8,zidu,95.30364142337402,71.74511545550568,6.329350007675815,False
19410e66-7a57-40a1-8a43-7e2ad7a7a2fd,16,98.57336094664676,31.718656822057344,73.21098766848554,False
164a7d8c-0469-48bc-ae9a-1876145e4e1f,327,90.48111604976916,24.955656097455968,50.09933328401163,False
ed8cfd18-eaf7-4f90-a85a-642aa2dcacdc,520,95.44515577737492,1.359505302477182,77.5349436837295,False
e3197a7b-e95e-4b47-9f45-e658a9735bdb,nweB,61.28228775303069,97.02938416070036,16.781572460851624,False
7ea18ceb-8cc7-4429-b774-0686dcb42af3,345,83.66874619963689,61.27312719489328,69.09554712833757,True
07ca7662-54b1-424d-910a-2f15814222f5,892,62.7636900543104,68.85022690765194,87.15876118057899,False
85b84fbd-3d67-400c-95ca-ebfdff3aea04,rkEG,15.502226969830302,57.86855068311328,4.291665126275657,True
19a110e1-5ddb-449a-af4d-738a97021378,771,6.554467198434589,82.58299398354396,32.2938084038378,True
aa6476c8-3427-46f8-9852-e8908b1029b8,119,85.6818292740486,58.32920270680738,75.64971057510213,False
80c1e46e-9523-4679-b47f-979e7dc56818,772,55.90581410905162,57.77120768068988,15.070530540232577,False
02d521a3-57f5-44ef-b435-13f74a947ed5,395,83.28493520066577,38.43455742952454,67.9548590838939,False
cd0b8284-aba7-424c-bd6c-0fb448a840a0,499,35.054462401004095,68.25534594260691,80.78846328177545,True
e64895ce-9494-442e-a546-fafe07a590bd,bhzr,0.8455143223594419,25.73114539972786,83.00870798393828,False
df7e09e8-ea25-4048-b96b-12cdb6265622,420,29.486746881010028,31.892304122376856,75.31684823119882,False
32ad802e-02bb-40d8-88e3-6abaac42be90,301,92.2949905287276,51.42604975291854,5.187834012513548,True
7a9d3b1d-01a6-41f5-8922-07127eccc6b4,sqit,71.43224592755766,45.09652367841253,92.20227781899384,True
b1633c59-37ba-44ce-a53e-bcf8c898a6b4,120,49.503652106134446,66.77100283919056,79.67738998684327,False
51a4024f-17a3-4a36-9f97-dba4ba71be2a,wqza,35.47568932513542,79.03999063531286,91.67641427738975,True
a757a8ef-92f9-4842-ac9f-e70f9e76749f,444,40.6722414614984,93.36921785355808,78.59330113360367,True
5b0fef6e-0438-4965-b563-3cc371ecb5bc,dlij,98.21338115423949,72.12010806584706,13.895723300863228,True
a20da9b1-4a2e-41f8-8346-10aef0633a2b,488,73.40009860628194,18.24614626539871,18.057179600783225,False
21848f31-ca5f-4aba-a953-6e95e7f3e169,kphZ,73.85422936508512,59.84527981294836,64.3644849361971,True
c36054ac-27dc-45f1-886e-5d48a6cd39b8,728,3.1418344362059925,16.00540721599192,61.03390251951669,False
38927768-b64e-4b0a-bd0d-b784265099cf,824,88.33600580070868,65.92583147868896,58.63917113594644,False
93722441-0f74-463c-818c-7352e6fbf8dd,644,23.96460480439748,40.80781627076505,68.32904682121472,False
8ceb3977-9d33-4c52-88cc-7ce2a602c725,376,47.76457602564107,49.089966778356576,3.786968210784125,True
b48d2aba-0814-4784-a636-6ec2200b0117,20,21.197274269336862,9.46870540790805,19.74102030337141,True
2865c15b-284b-437b-b7be-d8c3c18dc9c4,338,76.7451765829165,68.92668910786982,80.10111367024928,True
cec3a67a-3e19-42d9-b9fd-2247d49574b2,271,26.37772759442446,64.81673277276762,38.45455846472758,True
802ae84a-5e40-407e-a775-37b8cb682fa1,743,84.65093402280964,85.71597105415346,48.45372168155545,True
f925f4e9-fb99-4d28-bc9a-eaf6bbe889b8,318,62.70526623019689,66.45321732090451,29.5186226574789,False
ee49baed-b8ae-4443-9844-6adb932d92be,51,31.82795706533913,98.68625940943664,85.6952845422923,False
bd43d5d4-d5a5-4e68-ac8f-fab2b261b2f6,639,99.9628383505888,18.29217705695899,14.479606115771626,False
31498bf5-b67f-421a-a74f-7a1185fa2d3b,184,4.672396841495841,8.702984416104709,49.197879892061714,True
34782287-41b2-4fdc-bae8-d50a7186d3c3,150,70.37222831575436,22.5077605220102,26.284665365176096,True
f9cb1850-c835-4d23-865e-13ebc634ba35,536,44.523927442352985,34.808082546997454,81.48855745420326,True
675fc096-bf2b-4b02-86a0-a9c7aea76cf4,352,96.90504014208446,53.68296364956219,64.0612116468341,True
cdbc68bf-917e-4c76-9883-d275d690dbad,833,78.0823630326438,84.8898920655823,18.60886086718526,True
35d80b0c-c103-4d2c-a942-0aa07b374f0e,ugii,79.96759716990624,91.1334593847936,87.40911616866627,True
c5302bb2-00e3-4074-9188-9fef7a71ac97,750,63.06926503332024,51.50494012182355,84.6253009518823,True
2c93e560-ba15-4916-a642-ec9b88d246dd,988,52.84180210464875,59.23453076100122,61.41581238275237,True
c37a42d4-e72e-45be-9d59-6402ebad3a00,735,50.69122138192749,60.96293548247025,69.5733793257624,True
5d62303a-c0cb-47f2-b1dc-cbdd61b0d077,NAhp,32.948932491031776,16.136335198333317,67.64261678938117,True
b2427ca0-2737-4b8a-b825-3c0906ce9cc4,kvia,76.55130901922867,84.2942094454044,75.45322313567992,False
bf9bd8d3-8901-48a6-996d-220572a7bdd3,158,62.354046905247,97.22337406374294,87.62623365583757,True
c45e04e9-d3be-4d3d-b821-dda621f00106,369,5.721527384526981,86.316694744574,15.08905432420381,False
63645d54-8802-4729-b3a7-af8f5434c644,hvqq,31.101677930679926,73.54007596305374,8.8049208198411,False
5263a660-80e0-48bb-af70-421e4fb69897,915,20.601248768723547,23.568449393742185,13.471421903573832,False
fc99f910-a56d-4163-a35f-ed6efda0f04e,unag,80.75495975443788,91.20562443764518,70.57293328729372,False
06b83c71-de5f-4d6c-9184-e2f215188f2b,492,62.02813024869559,33.223670360886025,73.51734383531465,True
c69ad3c1-78bc-4d29-84e5-a27b74851803,822,22.654771278983223,46.79685392345313,41.62056348364902,True
f9e51c07-67fd-4d5f-bbf6-32a9a03b4734,553,97.0817216983521,78.26853906813992,4.796318254074061,True
a94b91ea-f2e8-4a02-80ee-fca7f6e607b9,197,23.24660677612671,63.03146617369902,57.24988447027749,False
cbdc225d-5d0d-42ab-b9b0-5f21e5badd23,60,42.68780332921833,28.608845109761138,2.770701576781731,False
7f619d18-1553-4919-98b8-89cac1ba7c00,840,83.0969581558219,77.56991630402096,15.454049005866356,True
7c9c3f92-ad0f-43dd-a7a6-7c3ec3b5a8f2,595,96.55118130458531,82.24239574991493,80.08063471598862,False
5f6e48cf-fb0d-454a-8459-485be23bd2a6,222,63.4862172619754,43.29668818350913,17.186373996960224,True
fbc75e3a-672b-4af5-99e9-1b3406ee5249,hsqx,84.89565510225376,26.937269552868305,22.133671332806827,False
799d6964-c5c6-49e1-8d2a-0ff7de7ca0dd,31,50.10928582437483,79.20354377155167,26.01884424469003,False
af5668fa-bb53-47bb-a87d-b58efa1bc472,959,29.42038934900316,29.32363476381442,10.275573720271913,True
73ba432d-744f-43e4-8cbd-804222453574,764,13.537325188902038,2.5097182634784,74.08558472709319,True
acccbe68-89f7-4a15-9a40-9b3927e5e8e7,525,5.394625889968607,57.17062588804768,15.901683837328685,False
0a24fc55-9853-4a75-a1a0-d401806903fc,635,24.011113159162413,6.877705688574631,73.87012899983651,False
c7116792-dde2-43c1-b497-16b44d8471f1,202,7.457512785079912,95.16743549656093,25.39927265684191,False
80080236-932d-4b68-a761-44c6f2d392f0,153,58.24664733929015,2.857443385582714,19.534687619099167,True
17878f3e-4fca-4c1f-a07a-61b30750c25c,414,44.67455674543418,78.87213298975088,55.18184589935478,True
3adc15f7-908e-47d5-ade3-6f33fb6cd5b3,557,42.73909935616311,13.422229854317402,8.355160037681642,True
ad361ac6-6529-4bf3-b404-09a162633750,851,82.21354740319815,89.90292866293906,9.807665336895566,False
4ae4eb0d-babd-499b-aefe-abc88e262979,281,33.70031094452952,35.20440713615345,83.77076481600228,True
a6fbced1-4fca-46c5-8911-5af50d640809,645,21.55657069107164,7.919441694211581,60.92771081694915,True
00cc5516-4fb1-4211-a3c5-f55bb9ab6588,491,15.81745624700871,43.741903427573625,17.336661757297122,False
09d70baf-95fd-4d97-806f-dab87f9954bf,945,45.69082316798095,13.90445340312152,23.5576119215732,True
85729594-72dd-4def-803d-c4f25b0b0fab,885,67.34889547935626,87.4791425277277,24.45397569374115,False
1dd18aba-bfc1-44dc-aeb4-8349f98b0d54,164,52.02704107101501,44.95518116685384,20.533487801280803,True
15fcefaf-5025-4d53-9158-83120f0e8f19,706,66.85455083127904,98.52413212974965,0.6381495487840394,False
6e80e356-37fb-43e6-b012-0ba73b00a3b1,924,68.38011991070569,75.00801389930751,63.53956906598489,True
5f8f1173-766a-4744-82fd-35a6e686b6c8,900,41.36831595313543,77.06556219907674,43.77495644833953,False
bb262a51-ecff-41fb-845f-bd4e07c6da81,705,99.67380887112812,15.607602538545429,8.876134873922625,True
79bdd3cb-d0ca-492e-9c54-a1d760b89082,zmcH,30.11344201378088,50.930725597137794,66.52690099035291,True
a927e83f-0bbb-43f7-85a3-eeaab84e64a3,739,38.59809560351189,10.744337223891332,5.906948891317487,False
16e38235-e13d-441d-8c1c-f14cb6553e55,vvve,48.12690035265923,47.01490027308967,6.987464050511017,True
56e4b2c1-8313-45f4-a16a-1c27bcfda5b5,lvrj,5.29927518736465,73.94104582989439,22.81938750041069,True
3c2f8337-d6a5-4d02-af17-846979a7bb92,794,20.91679266935318,58.88891758161907,41.25785307855241,False
cbd0fd04-7bbc-47b1-8ccd-7513e386b2a1,307,3.414757383325162,17.133745291006687,59.79215847076303,True
199b675e-9ef6-4270-8699-f0aa0290f866,746,12.351309092408435,48.70918779303389,20.503646994856915,False
1382aa01-d799-49ee-ac5d-aa4292089290,32,62.13127195800986,49.117317265175565,88.18834118695453,True
b73b5e99-917f-4f2c-925b-36f1e2dfe61b,622,13.234369649382794,58.4621032192993,9.558896885857548,True
b0e73efa-5250-413a-bd56-a78f694841a5,221,59.00832715579934,89.71980535074158,36.90801718336449,True
f7e90849-861a-4474-8928-2992b9a65edc,98,44.59202374231603,30.198371371478306,43.38607562036215,True
d483d11e-5735-43d0-bf16-c8c37d6dbfbd,840,76.77090348713023,24.17471474404843,37.723407600089786,False
b9797eb1-1003-40cb-9fc7-ffb083df8ba0,389,60.484216829002605,59.72471203001445,83.72004943068576,False
1de8da26-9cd8-4f61-9f16-c87e1fe172c2,833,34.63198818630696,87.508456472911,40.48482097188813,True
3c2ba1c7-6114-44dd-b374-cbf6e0349ae9,377,82.22868684828786,30.155478944326795,74.5085988782914,True
34a05ae7-51bc-4c3c-9fba-4efc46f7b6c9,242,29.345151574360184,75.41131715967838,25.524360450710997,True
b78f0daf-8a72-449b-bb0e-6c71b379206f,aqip,37.73761077677834,94.12310622473336,59.28421281022385,False
8f00b633-3434-4cd7-9fe8-ff5a0aa8c29f,504,17.334444493621792,44.20774377359875,7.192671745611545,False
1ec0b488-8e83-4b56-85bc-61495657870a,403,62.758127765215534,24.770571594552603,31.275356757380468,False
49690a86-9264-4269-814d-8728c5749a0d,795,38.83242272081817,89.59479405854023,60.56439050241658,False
9b3d02c9-26d2-41db-8d24-e5ebfb0691b9,160,25.74906534387854,5.151222778056952,99.2184711470327,True
c5e49b55-f118-42e1-aff6-b0803a916f9a,663,51.49757483069205,50.96920797595628,74.92988664314356,True
d4f6c446-dfe1-4061-98a5-7fe2ddb03d78,752,52.89297445399881,82.33869741214185,95.6735619112067,True
2d110311-e52d-415f-9b87-539063d7de27,kzrs,59.46961220201508,31.85367675663889,61.404417452294346,True
1ac7f9f1-c405-425e-bc67-0a3e403c6b0e,178,77.03896473731515,89.37550766893219,23.26923405790497,True
ab6f2d0e-3aad-4d27-b26a-3fed098719da,519,72.17285388824835,79.34014303431147,75.00175893447577,True
0d76332b-69a1-489e-84ef-b8873d4aabf8,515,95.558467948011,19.16475378969969,93.03173630394748,False
0e0b976b-d600-4580-b497-9cc46258dc97,536,54.127089061292274,91.54347610336517,8.638772542878925,True
ba178a87-8df7-4d05-9ba8-b9d8c14fd20e,wnah,55.958022835938834,90.2617196569254,37.850060456685455,True
0ef64a6d-8f39-4259-a0d3-64225fa09919,bomm,52.12985349448256,26.00200746858563,49.69834823002432,False
e60eba09-c6bc-41c7-a632-751b00b80054,516,55.38773680133227,62.2188732144476,74.10349414827658,True
3b002519-3046-494d-9063-050f4ee539ac,107,58.96033645327897,65.83852292245045,80.11847940481499,True
2df5d925-0962-449c-ab8c-221a3f6e0101,732,77.29812991676557,90.91801888282718,80.07771235747879,True
05e26745-fc03-4a6d-9cb2-cc5d3684e1c3,80,79.45499448801777,21.50228377246292,80.52360317121881,True
6f7a957e-83b7-45cc-8528-7df5cceb30fd,828,15.884275618477028,38.94009577413804,29.11835818241222,False
93159ed1-4f31-4e49-880a-d6fb757ce843,318,9.22782560279537,23.66557594894624,78.60359565544499,False
50a7b43f-1b8c-4c1f-b28c-1b3597440dbf,495,40.08326989036214,83.58536563946994,0.8108114466385485,False
adaf03a3-f33b-4154-ad63-e6d225eeac6e,544,1.4729481841845191,98.64139794354514,37.35168730279965,False
66d4a51a-0ea1-41a1-ab4f-3cb5511ff847,Yvse,52.39723831690449,86.48608113252398,59.09976702133104,False
52fa540c-9970-4c48-9aae-5562edf6895c,187,1.3188151734936815,80.57864228588652,86.99591675247414,False
6b167849-7625-49cf-a4fc-20acc65d24ac,203,33.36410013832069,3.2655723613321586,95.30419495349082,False
a7221538-4425-43c9-ae6b-10bb26c5186c,165,98.58475151094432,30.8881248976026,23.147060541859545,True
e86398da-fc82-41cd-ab40-8a8250ba0079,653,97.49217015441698,52.02281610407709,64.70779081517567,False
e52d909d-4539-4232-8843-e0b6638f6223,709,60.56511657830281,16.040724150755082,34.57148155393941,True
645b16ed-6bf7-4b4a-901d-55fb62cead40,348,58.64336741517201,5.025806351031459,61.15696136986778,False
23e2e4ee-f652-49dc-9f01-c6c032aaa282,470,3.329235870414071,15.386438591542396,0.1449977850202288,False
580c100b-393c-447b-b983-a9ef9584c0bd,mmeo,21.421874848719813,76.80438883751962,68.84389987747822,True
0b2b6f4a-12e5-4674-9d9b-83755d1b461f,529,77.10529021416578,71.91007757391553,89.23201216529606,True
52750d9b-edf9-45f1-975d-d836bba97a16,477,94.88865386702068,3.908325809173319,14.302691228798182,False
bdd4c3c3-298e-49a6-a4f8-a4444bb2b44c,620,47.335071582038935,51.45490277856546,30.11910099354712,True
de625899-51de-4fbe-86ad-b1a1e3f3873e,895,54.91498325197573,51.958111961429,60.36597123537894,True
f68e7bee-b268-4513-8440-9c8218c122dd,235,29.805478412328924,4.519260396682768,13.034373927628495,False
5667bee8-69c6-4682-9825-17592157623f,ogOv,74.11125511051252,5.199498336228658,60.33975683388522,False
05f743c7-72d2-44ab-afa9-9e98f6c0ae0c,986,25.852690503003828,33.86471203756256,29.865626155740166,True
fc42f76f-8cd5-4196-8ba2-f4afbc3de84b,lcWq,28.19932262682201,28.55662243140805,95.94109316672304,False
c1d39581-7221-4fe7-bd07-d558bae52de0,709,71.61001885689116,81.22088928452573,48.642778597843616,False
eb6f2a97-fe9c-4115-974b-c414500a63dd,488,97.89783637104884,91.2383766494434,12.114938135824104,True
f29ee073-f1c3-4263-bc36-6fe6adc642cb,903,85.26321556113685,90.42775797844024,2.878775170323733,False
a837644e-26d0-44ca-a4e3-e9d1b49a9537,311,49.15193652641042,25.25167379778665,31.234782350660986,True
e9a027b2-8baa-4c36-b669-7c4f6d2f3a4e,313,4.990447813024346,23.604147210630178,46.85704578796223,True
e325eab3-3dc6-4a69-ae1f-3be6097bedec,656,82.26578970174805,12.992116507949303,35.731700321166805,False
6cfac1fa-aa40-408e-8c60-1131a2855ba1,246,34.709177589703884,36.90766530285725,1.0737968408076837,False
9debcf37-c1cc-4adc-8f1e-ec5a12faa84b,928,84.2188332198711,65.31746130635698,1.0807809222304732,False
9cd08ce5-1690-4245-885b-42c3722ab564,49,2.672080227813789,30.82020793380954,26.283505636712142,True
aca352e0-2781-4731-ad09-37efd5d5b4b4,646,12.294369714839458,25.251647184369677,30.15030277375992,True
11da049d-f69e-4b0e-8028-ed2449f04629,983,73.16910955753299,82.54070431124975,43.25519301939399,False
2621d197-eafc-4fde-939d-96d1da3e0528,920,76.16499302891576,69.04818892350416,29.38758861579779,True
f0b8d2d7-b160-4754-ba6c-37c2c45aa5a3,145,81.79272634384571,56.80831551553074,78.1581630118687,False
d8dcb0c8-fb6f-4b6d-8f8c-5ad7665d8574,958,4.673522052795409,53.99483324624822,60.0077315093198,False
54dafb22-8a23-48c0-b18f-92b67c70d3ae,437,95.8714864084188,47.098948227857406,24.04235479718022,False
879ea804-2eff-4cbd-9bf8-eabda19279c6,888,13.930964524835057,0.5443399493602841,8.518826977714888,False
52a29ba4-689c-4232-9707-3b37e275c367,qgcn,96.90482197571508,65.65928056853733,5.337528537421166,False
58b75bc8-a62e-4a14-beb1-b019dea88dc9,475,98.17559193958036,97.5329001389463,30.543532312991506,False
cb2c500c-f431-4150-8140-9ea9a50c9e3a,hsqa,27.27595382003196,6.590849042452119,21.79327909238737,True
e0653eb3-046a-4b96-9170-3621173fcf5a,456,21.49258536854644,3.8301027693979584,40.32308108162498,False
ed1ded1f-3afa-4f8b-9558-60e2440cce9d,avon,19.60212935302862,20.81478022545522,22.34673635217621,True
effbc33b-79fa-431a-909f-c083dce8fafa,317,54.548859562558285,26.51230372052783,13.732659446996076,False
cd375018-0c67-49d7-b248-02856068c68c,192,57.791419721252254,50.256014757732295,3.937908533683898,True
acf365da-c874-46a7-824e-8a3f16001218,188,28.33302104538269,5.062207629388249,31.48115043907066,False
91046ae1-cc28-464d-b239-b65b6c1a3953,75,33.0292733856915,90.92653710150634,69.87656600669094,False
9f0dfc75-14ed-4b3a-80b7-1925bf77920f,921,18.18042765737382,81.87555591932274,99.26911325149877,False
bb9c3a37-26ee-4a35-b75e-02b9645dd928,439,4.925654297691184,16.878074773845498,41.54342554862573,False
3a6bf573-4708-4a6d-a58a-6fdc9c1ed63d,785,94.8887439440791,66.78054501376523,40.21563312826834,False
57b50c31-9af1-4a0d-90e3-dc82381adec1,676,65.73474513101893,28.575347706167346,85.62989239396745,True
9470f3d8-a0a1-4c4f-b9b4-921dd50a80c4,826,85.6579684135036,13.494964611271175,59.54534822581405,True
9e3ebe3a-7f7e-4ed0-b2b4-3a39a51411fc,802,63.34746301425211,74.2551086138456,21.90648324367396,True
d61b95b8-d452-4b33-a9f7-f605cfb5d7b2,60,44.97794216285613,50.17704891726851,88.01144455158621,False
5819ebcf-53a8-41db-9378-75b379e2c7bb,22,88.56490507257368,24.41613738482317,75.43705689930088,True
a5b0ddee-7d6b-452a-b466-0ae0c16e7ab4,yerL,10.825993981218408,88.2745954478424,5.033813683423527,True
be821e13-1c97-4c59-8503-1841893f2afc,Ilvl,72.77167494601349,2.150061931313352,66.29337064866763,True
b92ae31c-d040-42aa-b662-e3b7ec25ce11,699,22.6001108534051,0.4850562828555671,95.32120171889812,False
b8975a46-55c4-43cc-a0f2-961283733be8,502,37.36800915664298,82.53209652335816,90.33976661316694,False
e90d4779-3a39-4580-bbef-e7fe6599676d,537,85.25005659035558,85.07274931382176,19.15309862562976,True
22a549d0-d439-4166-a05f-6c21cd12ce99,984,50.6848654975838,20.10762806863652,53.47778469541085,True
5fb5787d-75e1-456d-8b03-00260de3ccfd,573,55.79187586207525,17.734346367866237,10.230429143488315,True
b2cff45b-6ce9-4175-8cec-bdee560f4fc5,vdvl,93.35154005251184,53.4026278852241,46.15041858930291,False
61024114-0c5e-4855-a82e-9b3b994413e0,257,77.72921255220912,45.04799511482882,92.71057316681546,True
eccc4119-d4f2-4ea1-b55f-afc7d57cfd9a,830,65.38303362893106,79.24410936524808,61.96797790691678,False
f02c7086-7a62-43d8-890c-1bafe4e1cac0,rHve,99.87482203973038,29.304202439940763,12.45852547387505,False
a77e0a9b-52bd-46b7-b02d-f654e369be0d,340,10.460284547799482,10.67550260085901,85.86984820457785,True
b5f17e08-a04a-4315-a7f1-516829347029,321,42.38249937087112,68.91971353255519,56.16329840175259,True
9df2fd61-373f-4432-86ee-2e7e2c429aab,68,16.13586989688556,65.64582894001039,90.07231437837856,True
509d8573-12a5-4bf1-a54b-3fed89b8701d,dckz,32.49280415313503,33.824594204914625,38.16763884120502,False
9167b0c3-3474-4d1f-8e26-09cadebc9fae,452,72.52086780052008,9.714315214639711,32.73453665766786,False
e50cb026-ec96-4b26-9647-5805241f55a8,31,4.931379204183184,22.722876216651244,80.99028089795478,False
2055c04c-fa4c-47a3-a105-283949b9ec6d,847,49.40770746255328,61.690899336460845,0.4389051917784492,True
c5b8fe20-5504-4baf-8e9f-32ff13b03f44,859,4.224993813886579,68.64597373746332,21.20430843220754,False
6a02d4c3-76a2-4d5e-ad71-da161fd55d4c,80,69.82605573775726,19.05388418069046,91.0558867766314,False
1ec8f16c-0a6d-41fb-9a2d-c07a74cf9f4e,964,85.79092026305976,28.618998396654284,17.291283482721788,True
2190e577-2a9f-406a-a8e3-c20704319073,oivn,62.44541506517035,51.97402110714193,23.468364870044223,True
f1dd9e11-a8e6-4a59-9ef6-e156234b1244,626,71.39708733391038,79.56563251112792,48.20375062234768,True
00d45b8d-abc0-4cde-94a6-7b74c65ff0f4,382,36.812155509553946,8.069927559289757,79.38073285099061,True
eb525ef4-3df8-4406-82bd-5176b83f952d,330,97.68842158168871,59.58354639742224,95.31210147624614,False
2afb168c-2ab4-47d8-b881-b5b6f2760bb1,250,75.22224422006492,15.528745864187275,63.28481245697317,True
37571c22-042f-4d23-a9ad-0bc5997f7004,goxu,56.7116976422574,81.39387412434954,58.78028607382275,True
e4750092-dd0b-4ef3-9551-0089628b4bd1,266,5.15319616754698,57.49578572592946,99.43350908105548,True
d1848def-2dbf-48c5-9c89-eeb025ca6e27,668,0.56998347779742,57.837844280224026,53.589331017717534,False
1136fca0-07ab-4028-8c18-d590a6bd6d8f,wvwT,89.3571977094466,14.095173445469111,89.23452891002054,False
2c328018-c9ee-468c-855c-735d50cd7e63,36,81.01687960021215,97.49548082001547,65.76519158421048,False
7b408c28-0914-4508-9798-a378918454fa,xcbf,14.053140711215873,81.2718918753641,27.75089959849377,True
0bfd0ac6-258c-4092-9b8c-be1d0f1cb015,958,2.608488302760148,87.209499408018,94.84065416236788,True
34243aa5-9226-4461-bfe1-a4bcbd6e3625,ybug,13.611303233404248,65.71667787567617,54.76729179873132,False
3b6f796a-a328-4946-b836-55673f2a2fb7,954,84.60011651133563,31.715045675792474,72.50633949063582,False
964d4be1-489f-48e2-9ccf-23fe9cb3fe76,42,34.86811988093657,63.34956073584742,41.70319997249749,True
11510009-e55f-46a2-be65-07278219478e,620,18.96639557429691,5.478329677991134,42.31439292898058,True
dd1c0aa6-11d2-4fe8-9d36-1c8528c908aa,630,72.75591525069612,76.89097755065912,41.05733282349121,False
9007ee89-a1a0-40a5-8ac9-03e12a1ab39d,coth,38.43969108652283,97.31642495908854,86.2342804705059,True
2f4f8604-29c4-4537-94de-3607057fea3c,133,9.86666558834528,59.94118169094706,85.07892669901209,True
a894e1da-3486-44ca-a132-d951fd5d359b,583,34.07878509295729,40.241358529399854,52.828815253542125,False
d4b10e66-1095-488d-9452-bd15320cc5fb,disa,95.73466376858006,34.84897903199224,76.77696480735081,False
0a44ea07-19bc-4cc2-9542-a14c5cdcf58e,630,62.37835032576662,17.722513470886337,92.4446844288068,True
1af310c1-dbf1-4394-8743-4e3071d32ac2,879,70.64585049933724,72.4976191667653,88.7190838195881,True
1c99c0ec-6377-4ebb-b654-cb165a709d2d,PggC,46.818285970721305,63.19177460359147,63.82995575465268,True
8269c330-a2bd-4577-a7f0-ca37d4b020dc,376,97.96316987104883,0.3782785168193858,59.01640912411143,False
a1f7985b-56f2-4b68-b8d6-366082d52141,855,43.00075366988321,7.603022185254382,12.641296237041178,True
71f2ff6e-e282-4a0d-b92b-b661575bfffd,304,92.85117263507156,76.75126995338582,85.34456292323898,True
d7f85a8b-e5bf-47ea-be03-72e735d3b9ae,543,72.1191057193777,58.832976136068005,56.92454324566304,True
84a0d121-317e-40ee-a6c1-23eee66e218c,124,43.80583475316081,85.6203551840626,77.12615194597362,True
eef87728-a61b-4743-9f34-6a5124445019,upou,41.40810883623354,69.76614850473369,72.17539100541971,True
d7fb26fe-3f21-400e-8b4e-2c274b33a039,794,5.367614805132326,48.477297902584645,66.03336534115871,False
c26144c8-2968-4eeb-9f75-114f50a978b8,263,39.87563119077766,9.63585214688022,88.07721996498776,False
b61e175f-2365-4b36-a596-f4c4e16ba0f3,duvx,36.68311939692791,76.98774426538371,32.54583587105074,False
8e1c2b9c-2c48-4426-bf5f-0c115d56484f,qkkg,0.7493267931276804,80.70543458731072,83.30261362741572,False
b61f421c-80c6-4d29-9460-30a151cf51c1,gbja,65.98523531763844,46.039527708420366,65.62273717705999,True
d83a08b5-8eb6-4b67-a17b-03be4642d145,60,52.2838461162474,42.59435393002688,57.42824080075618,False
2477fa7e-b80f-4f26-9d7a-8fe227c4b460,jsNl,74.78621399895249,30.13176357499451,10.275219636310752,True
55e75018-7cdb-477b-bc38-f0a360861d29,pRaz,13.0661991364582,49.93080065159484,77.90037802505996,False
63d75efc-0639-40b3-8a10-f3e3cfd71347,156,46.84149043698227,99.71434653075347,69.59698067852487,True
773f93c4-dead-4c55-92df-68e3f28f9258,231,88.29260726111062,53.62980903310037,94.7235264976729,False
0a322720-4fd9-4071-9e96-02b228c6646b,369,40.61624700045724,87.1053715903855,26.942339377773006,True
de0685a4-e11b-41b9-8e54-1fa0af86f004,92,91.89163388368576,6.707292127012088,70.18941219620304,False
f575fc05-a05d-4da0-b7b4-172b48ee3c9f,572,36.40558350272429,75.63656864112808,92.21909709561795,False
bc470e79-9641-4b44-b1dd-d36caf02bad1,118,77.56932443743855,84.18377760875056,49.82248307035864,True
d3ea9dc5-1f64-4a9d-ac67-1119aacbb254,350,62.57297051476718,60.754523466965125,81.502646798461,True
38db6bbe-45b6-4e57-818c-0ff6ab1c1560,902,20.40775683452255,57.6862175847938,27.23605131669249,False
b8e8a8cc-83be-4269-9a4b-09f5969a5a4a,925,89.47550172541277,0.0317744992337942,45.81689386698541,False
6ce72e15-cdc3-4702-940e-5c8066718b80,zGzb,30.444086610637267,10.099722756385432,74.26998858643785,True
3c640973-6aaa-41fd-bae7-15da8f05eec1,659,26.74893427408461,25.14396051693684,29.25040000074849,True
093d6da3-fe79-494c-8701-54059e5409a2,ewnQ,39.706137827758056,85.01771125960686,8.654908253151138,True
679cb6c4-cb98-4f62-8962-cf79c8b5b380,hdbt,39.99467154833141,94.58621029787946,54.74234906741937,True
a5685842-928e-468d-9a76-8395e5d4223b,421,31.31948727305739,48.82221345434835,74.61696114887164,True
b7b8215d-05d7-4ea2-9cd6-47a660c3d427,633,92.50893556864251,9.582839588627545,44.52991045338672,True
332b8b9d-5dab-4328-aa10-c2dfb1241f4d,855,49.70621696991869,20.05090124660264,38.59971444171254,True
24f4d002-427e-4b1c-b105-bbafbe2ebeb1,781,64.45198576569709,93.12765701027423,96.47537888314514,False
593a9187-0573-496c-ade9-d0f5dab25cc5,508,84.14416120526597,77.54302571104746,50.31880986222627,False
f5333f01-aac8-4658-b8ee-5ef71531709e,170,50.18160672579612,98.54958441879606,58.78764075349843,False
b93e469d-2c03-4783-8aab-c26b256849be,831,27.38273793823304,47.09143937046313,91.1650954234403,True
8b914cac-dfec-48fa-859d-1d07f7c00414,qcuv,74.32490228703324,21.153639967791136,42.7991183324024,True
1445f9c1-25e4-463d-801c-12d79dd2c367,587,32.81562294372392,36.713759243292266,36.563711699614,False
ac67c174-7531-4504-affc-ba8071b17197,690,79.56971438656156,72.53913547743895,92.57214302729552,True
25ad9ec3-6479-4654-ba39-5a01b647b509,pnel,45.85913682936828,21.072808274736943,23.90705245088619,False
7e300375-92d4-48b3-b80c-4d8bfc782e92,249,87.83257284278739,27.24584392661017,93.62855411700896,False
7eedd4c0-c0fa-4350-9707-165ae78f16f9,540,38.024216419066406,71.35748343530294,51.04475111248404,True
b24f8995-695c-4691-be20-b5a0a92b64a3,Oezc,58.11548782441479,88.02938574193014,76.86067589479104,True
b7e827ea-debf-4b7c-9214-1f89b210ea6c,921,93.14884039123794,26.959615539429937,3.103923841485268,True
b1936906-06b3-409a-9490-b5f039edc575,Dbvf,41.54919725511679,85.34055683593186,73.41895717731622,False
d7ee98be-0c16-43fc-966b-055b549e9a21,147,93.03694719400944,12.48191559670948,54.51851558247844,True
fc54d436-1cb2-4412-aae9-b251f25cafde,740,52.07108442210223,31.205193487562887,64.74837446401588,True
a464064c-274d-487b-aaed-877ae575aad4,976,28.16092930893611,78.80978024916801,91.55357957618251,True
e2aadabe-76a8-4b6e-bd7e-94533896c917,xier,25.0060710789378,12.263000677253554,27.18079643022987,True
116e237f-8768-40ce-bbe5-c41857416a74,803,67.77921801030564,2.293761286702068,14.42629992505341,True
cb73b71b-3194-403f-9e63-bad72c395f71,954,36.77207286237388,23.876417535768766,47.731834178654594,False
e1863878-a5e3-48ee-8ac2-2a4a9a42e01a,607,6.348603370435823,43.09459030920928,71.31790401452619,False
add02c0a-66b5-426e-87f8-b91cc64672b3,403,33.784961883262376,83.83320841531639,10.154579086685713,True
0223b9d6-ded4-44f0-8091-2c62fe006bc3,831,13.232957704871971,54.75107909433385,38.04355576779535,True
f0fa23c7-f95e-414e-906c-d7707b5b6d7e,611,24.56674458141007,40.63193867646759,20.20870137340213,False
c5efa802-81d6-4d05-b300-eb0a3b5a43d7,icwz,99.11357781757802,96.96191967746864,28.69570486553341,False
5ccc95f6-12bf-4830-9408-8e3fdb0e5e07,ndle,26.226331468130937,68.43107198388168,84.55240239525155,True
ee7b937f-5402-47b8-9fee-f84939e4a0fb,95,31.17249745316589,30.977687643771837,18.04316814856085,True
74defc89-a955-4e7d-8cbc-116fdd968580,999,35.200399670120696,36.456179414417,26.629502819041583,True
09ec0ec8-8806-4e78-8633-0723d04c8e5f,bsmh,26.53385570992185,22.32923937377276,87.70116309627413,False
3050c3b9-c029-4b7a-a358-77a3f0b1a21f,468,28.276068277040565,67.43009724880157,92.64657445726084,True
3b0158fd-97e9-47c5-aed6-8de655da43ca,784,46.70027825420169,64.36076068672124,1.6501199387800591,False
39ba59e9-aea9-4f9c-a25f-edaf062b3ce1,121,57.168428888200864,47.954453675642014,72.80049137008714,True
ea2ccfd1-2e7f-4b14-9f9b-655cded986a9,128,7.112160571499526,49.61298456590655,67.05378423620324,True
9e0756f0-28f2-4835-b910-39de53bddc20,507,61.78029427781979,68.87350010971268,22.166683329168503,False
49aae253-ed99-4be1-b199-2161f95ee8a4,hzln,12.5172682612416,27.62045456945946,77.62199700505948,False
eae665c6-c17c-4cba-8344-69c1ae058de8,651,50.46804418780583,13.680140574164067,9.455079812099488,True
6e4cc258-0b79-4a0e-ae30-a3cb80765bcd,bihb,60.77523223270903,10.405499426889342,66.82117431793404,False
01d865cb-5e7b-416f-823d-06ac79f644b3,380,90.49157661629432,47.08949292508537,18.082205337143886,False
